Supplemental results for CODEML (seqf: Exo70F1_nr_Poaceae_c_Os_FL_PRANK.phy  treef: RAxML_bestTree.Exo70F1_nr_Poaceae_c_Os_FL_PRANK)


dN/dS (w) for site classes (K=3)

p:   0.53652  0.35153  0.11195
w:   0.05719  0.33353  0.78780

Naive Empirical Bayes (NEB) probabilities for 3 classes & postmean_w
(amino acids refer to 1st sequence: HlaRGH2)

   1 M   0.98779 0.01221 0.00001 ( 1)  0.061
   2 A   0.01488 0.85832 0.12680 ( 2)  0.387
   3 R   0.61669 0.36912 0.01419 ( 1)  0.170
   4 L   0.91827 0.08068 0.00104 ( 1)  0.080
   5 E   0.20658 0.77948 0.01394 ( 2)  0.283
   6 D   0.61932 0.37815 0.00254 ( 1)  0.164
   7 E   0.98359 0.01639 0.00002 ( 1)  0.062
   8 F   0.94817 0.05153 0.00030 ( 1)  0.072
   9 S   0.22874 0.71703 0.05423 ( 2)  0.295
  10 K   0.35742 0.62267 0.01991 ( 2)  0.244
  11 L   0.91371 0.08508 0.00121 ( 1)  0.082
  12 L   0.92320 0.07591 0.00089 ( 1)  0.079
  13 I   0.01891 0.87936 0.10173 ( 2)  0.375
  14 R   0.04759 0.81926 0.13315 ( 2)  0.381
  15 G   0.97262 0.02732 0.00006 ( 1)  0.065
  16 T   0.07887 0.85398 0.06716 ( 2)  0.342
  17 V   0.00920 0.76735 0.22346 ( 2)  0.432
  18 S   0.04047 0.79978 0.15975 ( 2)  0.395
  19 L   0.92765 0.07160 0.00075 ( 1)  0.078
  20 T   0.00750 0.72573 0.26677 ( 2)  0.453
  21 P   0.00012 0.35503 0.64485 ( 3)  0.626
  22 E   0.91074 0.08903 0.00023 ( 1)  0.082
  23 D   0.97703 0.02293 0.00004 ( 1)  0.064
  24 L   0.66054 0.32982 0.00964 ( 1)  0.155
  25 H   0.76890 0.22822 0.00288 ( 1)  0.122
  26 A   0.75897 0.23771 0.00332 ( 1)  0.125
  27 L   0.26111 0.69698 0.04191 ( 2)  0.280
  28 L   0.05570 0.83386 0.11044 ( 2)  0.368
  29 P   0.03809 0.78988 0.17202 ( 2)  0.401
  30 Q   0.05224 0.83121 0.11655 ( 2)  0.372
  31 L   0.92862 0.07065 0.00072 ( 1)  0.077
  32 S   0.19973 0.73032 0.06995 ( 2)  0.310
  33 P   0.57079 0.40874 0.02048 ( 1)  0.185
  34 T   0.95107 0.04867 0.00026 ( 1)  0.071
  35 V   0.88793 0.10960 0.00247 ( 1)  0.089
  36 S   0.60427 0.38029 0.01543 ( 1)  0.174
  37 T   0.00005 0.22346 0.77649 ( 3)  0.686
  38 F   0.28946 0.67850 0.03204 ( 2)  0.268
  39 S   0.00001 0.16924 0.83075 ( 3)  0.711
  40 S   0.01074 0.79952 0.18974 ( 2)  0.417
  41 S   0.90461 0.09387 0.00152 ( 1)  0.084
  42 V   0.01256 0.81476 0.17268 ( 2)  0.408
  43 F   0.56101 0.41687 0.02212 ( 1)  0.189
  44 D   0.51588 0.47842 0.00569 ( 1)  0.194
  45 S   0.00016 0.41644 0.58340 ( 3)  0.599
  46 E   0.90939 0.09037 0.00024 ( 1)  0.082
  47 I   0.81913 0.17944 0.00143 ( 1)  0.108
  48 L   0.03182 0.76558 0.20260 ( 2)  0.417
  49 L   0.25622 0.70070 0.04308 ( 2)  0.282
  50 I   0.28871 0.67864 0.03265 ( 2)  0.269
  51 F   0.00001 0.11538 0.88462 ( 3)  0.735
  52 P   0.92110 0.07797 0.00093 ( 1)  0.079
  53 Y   0.00270 0.76661 0.23069 ( 2)  0.438
  54 N   0.65166 0.33814 0.01020 ( 1)  0.158
  55 I   0.74838 0.24776 0.00386 ( 1)  0.128
  56 S   0.00207 0.71839 0.27954 ( 2)  0.460
  57 I   0.00000 0.07288 0.92712 ( 3)  0.755
  58 L   0.92743 0.07181 0.00076 ( 1)  0.078
  59 K   0.14955 0.82705 0.02340 ( 2)  0.303
  60 D   0.87526 0.12422 0.00053 ( 1)  0.092
  61 I   0.95812 0.04170 0.00018 ( 1)  0.069
  62 A   0.72224 0.27268 0.00507 ( 1)  0.136
  63 D   0.52367 0.47090 0.00543 ( 1)  0.191
  64 V   0.76920 0.22765 0.00315 ( 1)  0.122
  65 L   0.59544 0.40180 0.00276 ( 1)  0.170
  66 L   0.92217 0.07690 0.00093 ( 1)  0.079
  67 H   0.00002 0.14882 0.85116 ( 3)  0.720
  68 A   0.56931 0.40979 0.02090 ( 1)  0.186
  69 C   0.75452 0.24197 0.00351 ( 1)  0.127
  70 H   0.13901 0.73472 0.12627 ( 2)  0.352
  71 V   0.00003 0.35239 0.64757 ( 3)  0.628
  72 P   0.00318 0.53402 0.46280 ( 2)  0.543
  73 K   0.88420 0.11538 0.00042 ( 1)  0.089
  74 L   0.56400 0.41414 0.02186 ( 1)  0.188
  75 C   0.00052 0.40568 0.59380 ( 3)  0.603
  76 Q   0.95126 0.04848 0.00026 ( 1)  0.071
  77 V   0.34810 0.63020 0.02170 ( 2)  0.247
  78 Y   0.92462 0.07457 0.00081 ( 1)  0.078
  79 V   0.00008 0.29298 0.70694 ( 3)  0.655
  80 K   0.00327 0.80951 0.18722 ( 2)  0.418
  81 A   0.45232 0.53814 0.00954 ( 2)  0.213
  82 R   0.63896 0.34965 0.01140 ( 1)  0.162
  83 R   0.71120 0.28239 0.00641 ( 1)  0.140
  84 D   0.15858 0.81993 0.02149 ( 2)  0.299
  85 T   0.10350 0.85213 0.04436 ( 2)  0.325
  86 F   0.56410 0.41412 0.02179 ( 1)  0.188
  87 M   0.19953 0.78702 0.01345 ( 2)  0.285
  88 E   0.90671 0.09304 0.00026 ( 1)  0.083
  89 C   0.90692 0.09167 0.00141 ( 1)  0.084
  90 L   0.92558 0.07362 0.00080 ( 1)  0.078
  91 S   0.00120 0.58586 0.41294 ( 2)  0.521
  92 V   0.02658 0.90365 0.06977 ( 2)  0.358
  93 L   0.86693 0.12928 0.00379 ( 1)  0.096
  94 G   0.85316 0.14604 0.00081 ( 1)  0.098
  95 V   0.94745 0.05221 0.00034 ( 1)  0.072
  96 D   0.97703 0.02293 0.00004 ( 1)  0.064
  97 K   0.97736 0.02260 0.00004 ( 1)  0.063
  98 M   0.92760 0.07228 0.00012 ( 1)  0.077
  99 S   0.75699 0.23975 0.00326 ( 1)  0.126
 100 L   0.91714 0.08177 0.00108 ( 1)  0.081
 101 E   0.98355 0.01643 0.00002 ( 1)  0.062
 102 E   0.98359 0.01639 0.00002 ( 1)  0.062
 103 V   0.97349 0.02645 0.00006 ( 1)  0.065
 104 Q   0.95126 0.04848 0.00026 ( 1)  0.071
 105 R   0.04442 0.81084 0.14474 ( 2)  0.387
 106 V   0.10170 0.85655 0.04175 ( 2)  0.324
 107 E   0.68333 0.30880 0.00787 ( 1)  0.148
 108 W   0.89663 0.10150 0.00187 ( 1)  0.087
 109 G   0.26255 0.69636 0.04109 ( 2)  0.280
 110 V   0.00191 0.68608 0.31201 ( 2)  0.475
 111 L   0.92761 0.07164 0.00075 ( 1)  0.078
 112 D   0.02581 0.90396 0.07023 ( 2)  0.358
 113 G   0.01133 0.80957 0.17910 ( 2)  0.412
 114 K   0.97736 0.02260 0.00004 ( 1)  0.063
 115 M   0.98779 0.01221 0.00001 ( 1)  0.061
 116 K   0.54319 0.45238 0.00443 ( 1)  0.185
 117 K   0.55341 0.44247 0.00412 ( 1)  0.182
 118 W   0.89663 0.10150 0.00187 ( 1)  0.087
 119 I   0.79167 0.20613 0.00219 ( 1)  0.116
 120 Q   0.76592 0.23107 0.00301 ( 1)  0.123
 121 A   0.96040 0.03944 0.00016 ( 1)  0.068
 122 L   0.68522 0.30724 0.00755 ( 1)  0.148
 123 K   0.15626 0.82184 0.02190 ( 2)  0.300
 124 V   0.96178 0.03806 0.00016 ( 1)  0.068
 125 V   0.94987 0.04983 0.00030 ( 1)  0.071
 126 V   0.95345 0.04629 0.00025 ( 1)  0.070
 127 Q   0.33307 0.64283 0.02410 ( 2)  0.252
 128 G   0.95000 0.04971 0.00028 ( 1)  0.071
 129 L   0.86890 0.12746 0.00364 ( 1)  0.095
 130 L   0.53220 0.43983 0.02797 ( 1)  0.199
 131 A   0.92502 0.07417 0.00081 ( 1)  0.078
 132 E   0.98359 0.01639 0.00002 ( 1)  0.062
 133 E   0.98359 0.01639 0.00002 ( 1)  0.062
 134 R   0.91243 0.08637 0.00121 ( 1)  0.082
 135 R   0.64011 0.34856 0.01133 ( 1)  0.162
 136 I   0.95463 0.04514 0.00023 ( 1)  0.070
 137 C   0.50765 0.45922 0.03313 ( 1)  0.208
 138 S   0.00207 0.71760 0.28033 ( 2)  0.460
 139 Q   0.95126 0.04848 0.00026 ( 1)  0.071
 140 I   0.82100 0.17762 0.00138 ( 1)  0.107
 141 L   0.02666 0.72640 0.24694 ( 2)  0.438
 142 A   0.09554 0.85286 0.05160 ( 2)  0.331
 143 G   0.00168 0.66432 0.33399 ( 2)  0.485
 144 D   0.81945 0.17912 0.00143 ( 1)  0.108
 145 A   0.71007 0.28406 0.00587 ( 1)  0.140
 146 D   0.00162 0.65157 0.34681 ( 2)  0.491
 147 A   0.04542 0.81298 0.14160 ( 2)  0.385
 148 E   0.89705 0.10262 0.00033 ( 1)  0.086
 149 E   0.84164 0.15728 0.00108 ( 1)  0.101
 150 E   0.89737 0.10230 0.00033 ( 1)  0.086
 151 C   0.90948 0.08922 0.00130 ( 1)  0.083
 152 F   0.91495 0.08394 0.00111 ( 1)  0.081
 153 T   0.52060 0.44911 0.03029 ( 1)  0.203
 154 E   0.59351 0.40337 0.00312 ( 1)  0.171
 155 A   0.09404 0.85297 0.05299 ( 2)  0.332
 156 A   0.94739 0.05229 0.00032 ( 1)  0.072
 157 K   0.96641 0.03348 0.00010 ( 1)  0.067
 158 G   0.96162 0.03824 0.00014 ( 1)  0.068
 159 C   0.50762 0.45900 0.03338 ( 1)  0.208
 160 V   0.77284 0.22414 0.00302 ( 1)  0.121
 161 L   0.91248 0.08626 0.00126 ( 1)  0.082
 162 Q   0.93871 0.06081 0.00048 ( 1)  0.074
 163 L   0.92200 0.07707 0.00093 ( 1)  0.079
 164 L   0.92676 0.07247 0.00077 ( 1)  0.078
 165 N   0.01213 0.81424 0.17364 ( 2)  0.409
 166 F   0.90634 0.09223 0.00144 ( 1)  0.084
 167 G   0.03081 0.75454 0.21465 ( 2)  0.423
 168 D   0.95091 0.04882 0.00027 ( 1)  0.071
 169 A   0.28463 0.68089 0.03448 ( 2)  0.271
 170 I   0.92396 0.07520 0.00083 ( 1)  0.079
 171 A   0.47700 0.51541 0.00759 ( 2)  0.205
 172 I   0.24642 0.70573 0.04785 ( 2)  0.287
 173 G   0.12864 0.83976 0.03159 ( 2)  0.312
 174 K   0.97670 0.02326 0.00004 ( 1)  0.064
 175 R   0.33084 0.56169 0.10747 ( 2)  0.291
 176 S   0.90606 0.09248 0.00146 ( 1)  0.084
 177 S   0.58505 0.39673 0.01823 ( 1)  0.180
 178 E   0.98359 0.01639 0.00002 ( 1)  0.062
 179 K   0.97736 0.02260 0.00004 ( 1)  0.063
 180 L   0.91469 0.08413 0.00118 ( 1)  0.081
 181 F   0.94777 0.05193 0.00030 ( 1)  0.072
 182 R   0.55842 0.41896 0.02262 ( 1)  0.189
 183 I   0.92756 0.07171 0.00074 ( 1)  0.078
 184 L   0.87391 0.12281 0.00328 ( 1)  0.094
 185 G   0.00003 0.19330 0.80667 ( 3)  0.700
 186 M   0.98779 0.01221 0.00001 ( 1)  0.061
 187 Y   0.87079 0.12576 0.00345 ( 1)  0.094
 188 E   0.98209 0.01789 0.00002 ( 1)  0.062
 189 A   0.94139 0.05816 0.00046 ( 1)  0.074
 190 L   0.76737 0.21525 0.01738 ( 1)  0.129
 191 A   0.58416 0.39730 0.01854 ( 1)  0.181
 192 E   0.98196 0.01802 0.00002 ( 1)  0.062
 193 L   0.04715 0.81354 0.13931 ( 2)  0.384
 194 L   0.66666 0.32407 0.00927 ( 1)  0.154
 195 P   0.07446 0.66141 0.26413 ( 2)  0.433
 196 E   0.57565 0.42059 0.00376 ( 1)  0.176
 197 L   0.91020 0.08845 0.00134 ( 1)  0.083
 198 E   0.59728 0.39962 0.00310 ( 1)  0.170
 199 A   0.00845 0.74672 0.24484 ( 2)  0.442
 200 L   0.61338 0.37195 0.01466 ( 1)  0.171
 201 F   0.94817 0.05153 0.00030 ( 1)  0.072
 202 S   0.73928 0.23713 0.02358 ( 1)  0.140
 203 G   0.62744 0.35953 0.01303 ( 1)  0.166
 204 E   0.00099 0.80175 0.19726 ( 2)  0.423
 205 A   0.51529 0.45263 0.03208 ( 1)  0.206
 206 R   0.95053 0.04920 0.00027 ( 1)  0.071
 207 D   0.75311 0.24335 0.00355 ( 1)  0.127
 208 F   0.05165 0.82818 0.12017 ( 2)  0.374
 209 I   0.82128 0.17735 0.00138 ( 1)  0.107
 210 K   0.97058 0.02935 0.00007 ( 1)  0.065
 211 E   0.19428 0.73173 0.07399 ( 2)  0.313
 212 E   0.98253 0.01744 0.00002 ( 1)  0.062
 213 A   0.45478 0.49610 0.04912 ( 2)  0.230
 214 Q   0.03770 0.91732 0.04498 ( 2)  0.344
 215 G   0.01284 0.83278 0.15438 ( 2)  0.400
 216 I   0.24148 0.70958 0.04893 ( 2)  0.289
 217 L   0.90550 0.09299 0.00152 ( 1)  0.084
 218 S   0.00000 0.05163 0.94837 ( 3)  0.764
 219 R   0.00002 0.24190 0.75809 ( 3)  0.678
 220 L   0.34190 0.55400 0.10410 ( 2)  0.286
 221 G   0.96674 0.03316 0.00010 ( 1)  0.066
 222 D   0.95105 0.04868 0.00027 ( 1)  0.071
 223 A   0.86598 0.13017 0.00384 ( 1)  0.096
 224 V   0.97318 0.02675 0.00006 ( 1)  0.065
 225 R   0.84518 0.14918 0.00564 ( 1)  0.103
 226 G   0.35659 0.62424 0.01917 ( 2)  0.244
 227 T   0.52875 0.44231 0.02894 ( 1)  0.201
 228 V   0.03356 0.76648 0.19997 ( 2)  0.415
 229 A   0.17582 0.73609 0.08809 ( 2)  0.325
 230 E   0.61783 0.37957 0.00260 ( 1)  0.164
 231 L   0.59989 0.38416 0.01595 ( 1)  0.175
 232 I   0.33377 0.64313 0.02310 ( 2)  0.252
 233 K   0.29919 0.67058 0.03023 ( 2)  0.265
 234 A   0.02178 0.89188 0.08635 ( 2)  0.367
 235 I   0.66433 0.32660 0.00907 ( 1)  0.154
 236 R   0.00494 0.61032 0.38474 ( 2)  0.507
 237 G   0.47696 0.51546 0.00758 ( 2)  0.205
 238 D   0.89200 0.10761 0.00039 ( 1)  0.087
 239 P   0.44206 0.50484 0.05311 ( 2)  0.235
 240 C   0.62079 0.36575 0.01345 ( 1)  0.168
 241 K   0.01717 0.63591 0.34693 ( 2)  0.486
 242 S   0.00000 0.02898 0.97102 ( 3)  0.775
 243 L   0.14951 0.76058 0.08991 ( 2)  0.333
 244 P   0.09503 0.69899 0.20598 ( 2)  0.401
 245 D   0.28410 0.68148 0.03442 ( 2)  0.271
 246 D   0.73497 0.26059 0.00445 ( 1)  0.132
 247 G   0.88288 0.11669 0.00043 ( 1)  0.090
 248 I   0.96281 0.03706 0.00013 ( 1)  0.068
 249 H   0.95221 0.04754 0.00025 ( 1)  0.071
 250 P   0.70553 0.28848 0.00599 ( 1)  0.141
 251 L   0.03443 0.75156 0.21401 ( 2)  0.421
 252 T   0.68002 0.31228 0.00771 ( 1)  0.149
 253 R   0.87900 0.11807 0.00292 ( 1)  0.092
 254 Y   0.90980 0.08888 0.00132 ( 1)  0.083
 255 V   0.95199 0.04773 0.00027 ( 1)  0.071
 256 M   0.98779 0.01221 0.00001 ( 1)  0.061
 257 N   0.96187 0.03799 0.00014 ( 1)  0.068
 258 Y   0.50392 0.46177 0.03431 ( 1)  0.210
 259 V   0.91362 0.08514 0.00124 ( 1)  0.082
 260 V   0.00057 0.22740 0.77203 ( 3)  0.684
 261 R   0.00011 0.34306 0.65683 ( 3)  0.632
 262 L   0.00245 0.47557 0.52199 ( 3)  0.570
 263 T   0.00207 0.44031 0.55762 ( 3)  0.586
 264 D   0.01392 0.83844 0.14765 ( 2)  0.397
 265 H   0.66756 0.32370 0.00874 ( 1)  0.153
 266 S   0.94501 0.05465 0.00035 ( 1)  0.073
 267 C   0.21773 0.72322 0.05905 ( 2)  0.300
 268 L   0.25419 0.70039 0.04542 ( 2)  0.284
 269 N   0.93692 0.06256 0.00052 ( 1)  0.075
 270 H   0.00009 0.31068 0.68923 ( 3)  0.647
 271 L   0.87011 0.12633 0.00356 ( 1)  0.095
 272 L   0.85134 0.14239 0.00627 ( 1)  0.101
 273 D   0.00188 0.69061 0.30750 ( 2)  0.473
 274 R   0.01132 0.80087 0.18781 ( 2)  0.416
 275 C   0.17426 0.73769 0.08805 ( 2)  0.325
 276 E   0.02982 0.91143 0.05875 ( 2)  0.352
 277 T   0.14461 0.73609 0.11930 ( 2)  0.348
 278 Q   0.00532 0.87698 0.11770 ( 2)  0.386
 279 L   0.02996 0.77094 0.19910 ( 2)  0.416
 280 E   0.64349 0.34519 0.01132 ( 1)  0.161
 281 N   0.93608 0.06339 0.00054 ( 1)  0.075
 282 L   0.00000 0.02281 0.97719 ( 3)  0.777
 283 D   0.08132 0.85350 0.06517 ( 2)  0.341
 284 M   0.00019 0.71445 0.28536 ( 2)  0.463
 285 T   0.87098 0.12557 0.00345 ( 1)  0.094
 286 P   0.81393 0.17670 0.00938 ( 1)  0.113
 287 L   0.00369 0.56728 0.42903 ( 2)  0.527
 288 G   0.00310 0.52531 0.47160 ( 2)  0.547
 289 H   0.01428 0.84426 0.14146 ( 2)  0.394
 290 S   0.02046 0.67369 0.30585 ( 2)  0.467
 291 V   0.00000 0.08450 0.91550 ( 3)  0.749
 292 M   0.00715 0.71354 0.27932 ( 2)  0.458
 293 I   0.04298 0.80862 0.14840 ( 2)  0.389
 294 L   0.91603 0.08283 0.00114 ( 1)  0.081
 295 I   0.96440 0.03548 0.00012 ( 1)  0.067
 296 T   0.80442 0.18489 0.01069 ( 1)  0.116
 297 H   0.22106 0.72135 0.05760 ( 2)  0.299
 298 L   0.79120 0.19569 0.01312 ( 1)  0.121
 299 L   0.16740 0.74062 0.09198 ( 2)  0.329
 300 E   0.00414 0.84041 0.15546 ( 2)  0.403
 301 N   0.53910 0.45622 0.00468 ( 1)  0.187
 302 I   0.92555 0.07366 0.00079 ( 1)  0.078
 303 E   0.89009 0.10949 0.00041 ( 1)  0.088
 304 D   0.07340 0.85273 0.07387 ( 2)  0.347
 305 K   0.54102 0.43306 0.02592 ( 1)  0.196
 306 S   0.00080 0.49772 0.50149 ( 3)  0.561
 307 K   0.97736 0.02260 0.00004 ( 1)  0.063
 308 L   0.65402 0.33552 0.01046 ( 1)  0.158
 309 Y   0.86075 0.13502 0.00423 ( 1)  0.098
 310 A   0.01187 0.81112 0.17700 ( 2)  0.411
 311 D   0.95221 0.04754 0.00025 ( 1)  0.071
 312 E   0.90672 0.09302 0.00026 ( 1)  0.083
 313 A   0.85778 0.13755 0.00468 ( 1)  0.099
 314 R   0.63642 0.35134 0.01224 ( 1)  0.163
 315 Q   0.95126 0.04848 0.00026 ( 1)  0.071
 316 N   0.45687 0.53444 0.00869 ( 2)  0.211
 317 I   0.93912 0.06036 0.00051 ( 1)  0.074
 318 L   0.60048 0.38361 0.01591 ( 1)  0.175
 319 L   0.90753 0.09100 0.00147 ( 1)  0.083
 320 M   0.92846 0.07142 0.00011 ( 1)  0.077
 321 N   0.83952 0.15948 0.00100 ( 1)  0.102
 322 N   0.93670 0.06278 0.00052 ( 1)  0.075
 323 L   0.91697 0.08193 0.00110 ( 1)  0.081
 324 W   0.02545 0.72580 0.24875 ( 2)  0.439
 325 Y   0.62372 0.36313 0.01315 ( 1)  0.167
 326 I   0.00008 0.29297 0.70695 ( 3)  0.655
 327 V   0.83910 0.15977 0.00113 ( 1)  0.102
 328 Q   0.76504 0.23192 0.00304 ( 1)  0.123
 329 K   0.97714 0.02282 0.00004 ( 1)  0.064
 330 V   0.00437 0.52217 0.47346 ( 2)  0.547
 331 K   0.11053 0.84788 0.04159 ( 2)  0.322
 332 D   0.06502 0.84473 0.09024 ( 2)  0.357
 333 S   0.73601 0.23962 0.02436 ( 1)  0.141
 334 G   0.84682 0.15222 0.00096 ( 1)  0.100
 335 L   0.83971 0.15372 0.00657 ( 1)  0.104
 336 K   0.87452 0.12496 0.00053 ( 1)  0.092
 337 T   0.00000 0.08739 0.91261 ( 3)  0.748
 338 L   0.00578 0.66595 0.32827 ( 2)  0.481
 339 L   0.86575 0.13037 0.00388 ( 1)  0.096
 340 G   0.96977 0.03015 0.00008 ( 1)  0.066
 341 D   0.75278 0.24365 0.00356 ( 1)  0.127
 342 K   0.43225 0.55705 0.01069 ( 2)  0.219
 343 W   0.89663 0.10150 0.00187 ( 1)  0.087
 344 I   0.81883 0.17973 0.00143 ( 1)  0.108
 345 R   0.49311 0.46978 0.03711 ( 1)  0.214
 346 I   0.00880 0.84313 0.14807 ( 2)  0.398
 347 H   0.00025 0.32596 0.67380 ( 3)  0.640
 348 R   0.00321 0.53690 0.45989 ( 2)  0.542
 349 R   0.57183 0.40766 0.02051 ( 1)  0.185
 350 Q   0.75290 0.24354 0.00356 ( 1)  0.127
 351 V   0.67997 0.31143 0.00859 ( 1)  0.150
 352 R   0.79148 0.20643 0.00209 ( 1)  0.116
 353 T   0.00018 0.42404 0.57579 ( 3)  0.595
 354 Y   0.67068 0.32082 0.00849 ( 1)  0.152
 355 S   0.54397 0.43076 0.02526 ( 1)  0.195
 356 K   0.09243 0.69422 0.21335 ( 2)  0.405
 357 G   0.84506 0.15400 0.00094 ( 1)  0.100
 358 Y   0.92530 0.07391 0.00079 ( 1)  0.078
 359 L   0.68338 0.30901 0.00762 ( 1)  0.148
 360 R   0.32586 0.55660 0.11754 ( 2)  0.297
 361 S   0.89264 0.10529 0.00207 ( 1)  0.088
 362 S   0.76577 0.21663 0.01761 ( 1)  0.130
 363 W   0.89663 0.10150 0.00187 ( 1)  0.087
 364 T   0.00409 0.59328 0.40263 ( 2)  0.515
 365 R   0.09815 0.85556 0.04629 ( 2)  0.327
 366 V   0.84452 0.14959 0.00589 ( 1)  0.103
 367 I   0.09378 0.69440 0.21182 ( 2)  0.404
 368 A   0.03283 0.76525 0.20192 ( 2)  0.416
 369 C   0.51895 0.45052 0.03053 ( 1)  0.204
 370 L   0.65917 0.33100 0.00983 ( 1)  0.156
 371 T   0.34333 0.63512 0.02155 ( 2)  0.248
 372 D   0.95316 0.04659 0.00024 ( 1)  0.070
 373 D   0.94989 0.04983 0.00028 ( 1)  0.071
 374 G   0.96875 0.03116 0.00008 ( 1)  0.066
 375 L   0.61665 0.36891 0.01444 ( 1)  0.170
 376 P   0.01010 0.51617 0.47373 ( 2)  0.546
 377 E   0.00000 0.08380 0.91620 ( 3)  0.750
 378 T   0.00001 0.09201 0.90798 ( 3)  0.746
 379 T   0.00242 0.47939 0.51819 ( 3)  0.568
 380 G   0.17576 0.73626 0.08798 ( 2)  0.325
 381 L   0.32959 0.55834 0.11207 ( 2)  0.293
 382 S   0.88854 0.10913 0.00233 ( 1)  0.089
 383 S   0.90004 0.09826 0.00171 ( 1)  0.086
 384 S   0.09938 0.70491 0.19572 ( 2)  0.395
 385 L   0.92858 0.07069 0.00073 ( 1)  0.077
 386 K   0.54394 0.45155 0.00451 ( 1)  0.185
 387 A   0.00004 0.20039 0.79958 ( 3)  0.697
 388 A   0.49082 0.47098 0.03821 ( 1)  0.215
 389 M   0.04780 0.81729 0.13492 ( 2)  0.382
 390 K   0.97523 0.02472 0.00005 ( 1)  0.064
 391 E   0.90755 0.09104 0.00141 ( 1)  0.083
 392 R   0.95986 0.03998 0.00016 ( 1)  0.068
 393 F   0.94817 0.05153 0.00030 ( 1)  0.072
 394 N   0.10822 0.85376 0.03802 ( 2)  0.321
 395 S   0.01136 0.80864 0.18000 ( 2)  0.412
 396 F   0.94702 0.05266 0.00032 ( 1)  0.072
 397 N   0.96855 0.03137 0.00008 ( 1)  0.066
 398 L   0.18166 0.70887 0.10948 ( 2)  0.333
 399 A   0.00007 0.27799 0.72194 ( 3)  0.661
 400 Y   0.04582 0.81435 0.13982 ( 2)  0.384
 401 E   0.98107 0.01890 0.00003 ( 1)  0.062
 402 E   0.97937 0.02060 0.00003 ( 1)  0.063
 403 L   0.77812 0.20664 0.01524 ( 1)  0.125
 404 Y   0.92320 0.07594 0.00085 ( 1)  0.079
 405 R   0.80672 0.19156 0.00172 ( 1)  0.111
 406 T   0.80121 0.18761 0.01118 ( 1)  0.117
 407 Q   0.94837 0.05132 0.00031 ( 1)  0.072
 408 T   0.80518 0.18425 0.01058 ( 1)  0.116
 409 A   0.11152 0.71804 0.17044 ( 2)  0.380
 410 W   0.89663 0.10150 0.00187 ( 1)  0.087
 411 K   0.00000 0.14962 0.85038 ( 3)  0.720
 412 V   0.89691 0.10113 0.00196 ( 1)  0.087
 413 V   0.85709 0.14208 0.00084 ( 1)  0.097
 414 D   0.95108 0.04865 0.00027 ( 1)  0.071
 415 P   0.85856 0.13704 0.00440 ( 1)  0.098
 416 Q   0.94927 0.05044 0.00029 ( 1)  0.071
 417 L   0.76716 0.21131 0.02153 ( 1)  0.131
 418 R   0.82624 0.16606 0.00770 ( 1)  0.109
 419 E   0.90029 0.09940 0.00031 ( 1)  0.085
 420 E   0.90964 0.09013 0.00023 ( 1)  0.082
 421 L   0.63377 0.35369 0.01254 ( 1)  0.164
 422 K   0.43555 0.55374 0.01071 ( 2)  0.218
 423 I   0.67753 0.31404 0.00843 ( 1)  0.150
 424 S   0.00044 0.37741 0.62216 ( 3)  0.616
 425 I   0.96343 0.03645 0.00013 ( 1)  0.067
 426 L   0.00005 0.11603 0.88392 ( 3)  0.735
 427 E   0.90552 0.09421 0.00027 ( 1)  0.083
 428 N   0.02284 0.89605 0.08110 ( 2)  0.364
 429 V   0.75327 0.24291 0.00381 ( 1)  0.127
 430 L   0.13924 0.73446 0.12630 ( 2)  0.352
 431 P   0.36179 0.54728 0.09093 ( 2)  0.275
 432 A   0.43529 0.50867 0.05605 ( 2)  0.239
 433 Y   0.92338 0.07577 0.00085 ( 1)  0.079
 434 R   0.85773 0.13780 0.00447 ( 1)  0.099
 435 S   0.56351 0.41483 0.02166 ( 1)  0.188
 436 F   0.90912 0.08956 0.00132 ( 1)  0.083
 437 V   0.61385 0.37120 0.01496 ( 1)  0.171
 438 L   0.00164 0.39335 0.60501 ( 3)  0.608
 439 K   0.39768 0.58869 0.01363 ( 2)  0.230
 440 Y   0.06352 0.84506 0.09142 ( 2)  0.358
 441 G   0.00069 0.24944 0.74988 ( 3)  0.674
 442 Y   0.00817 0.77526 0.21656 ( 2)  0.430
 443 Q   0.35305 0.62741 0.01953 ( 2)  0.245
 444 L   0.78629 0.19994 0.01377 ( 1)  0.122
 445 V   0.00167 0.39321 0.60512 ( 3)  0.608
 446 T   0.38051 0.60379 0.01570 ( 2)  0.236
 447 N   0.00001 0.19388 0.80611 ( 3)  0.700
 448 F   0.00000 0.10628 0.89372 ( 3)  0.740
 449 S   0.01584 0.61438 0.36978 ( 2)  0.497
 450 N   0.00479 0.86699 0.12822 ( 2)  0.390
 451 Y   0.86526 0.13086 0.00388 ( 1)  0.096
 452 V   0.01543 0.68365 0.30092 ( 2)  0.466
 453 K   0.96527 0.03461 0.00012 ( 1)  0.067
 454 Y   0.92287 0.07626 0.00086 ( 1)  0.079
 455 S   0.00028 0.53721 0.46251 ( 2)  0.544
 456 P   0.11788 0.72385 0.15827 ( 2)  0.373
 457 E   0.54934 0.44585 0.00481 ( 1)  0.184
 458 D   0.94989 0.04983 0.00028 ( 1)  0.071
 459 L   0.01433 0.84191 0.14376 ( 2)  0.395
 460 E   0.98148 0.01849 0.00002 ( 1)  0.062
 461 N   0.96771 0.03220 0.00009 ( 1)  0.066
 462 Q   0.75452 0.24198 0.00350 ( 1)  0.127
 463 I   0.08103 0.84934 0.06963 ( 2)  0.343
 464 L   0.05331 0.59723 0.34947 ( 2)  0.478
 465 D   0.94989 0.04983 0.00028 ( 1)  0.071
 466 F   0.31749 0.65710 0.02541 ( 2)  0.257
 467 F   0.90247 0.09593 0.00160 ( 1)  0.085
 468 E   0.60627 0.37836 0.01537 ( 1)  0.173
 469 G   0.96950 0.03042 0.00008 ( 1)  0.066

Positively selected sites

	Prob(w>1)  mean w



lnL = -11444.721512

