    -1   2469   1039


 1

     1      1    -1.5583474458   0.210483619533     519.6841  ------------------------A
     2      6    -1.3277017198   0.265085803181     654.4968  ------------------------C
     3      1    -1.1318577540   0.322433697173     796.0888  ------------------------G
     4      7    -1.5995030267   0.201996880113     498.7303  ------------------------T
     5      2    -1.5583474458   0.210483619533     519.6841  -----------------------A-
     6      5    -1.3277017198   0.265085803181     654.4968  -----------------------C-
     7     14    -1.1318577540   0.322433697173     796.0888  -----------------------G-
     8      2    -1.3277017198   0.265085803181     654.4968  ----------------------C--
     9      1    -1.1318577540   0.322433697173     796.0888  ----------------------G--
    10      1    -1.5583474458   0.210483619533     519.6841  --------------------A----
    11      1    -1.3277017198   0.265085803181     654.4968  --------------------C----
    12      1    -1.1318577540   0.322433697173     796.0888  --------------------G----
    13      6    -1.5583474458   0.210483619533     519.6841  -------------------A-----
    14      8    -1.3277017198   0.265085803181     654.4968  -------------------C-----
    15     15    -1.1318577540   0.322433697173     796.0888  -------------------G-----
    16      1    -1.5995030267   0.201996880113     498.7303  -------------------T-----
    17      2    -1.5583474458   0.210483619533     519.6841  ------------------A------
    18      6    -1.1318577540   0.322433697173     796.0888  ------------------G------
    19      1    -1.5995030267   0.201996880113     498.7303  ------------------T------
    20      8    -1.5583474458   0.210483619533     519.6841  -----------------A-------
    21      1    -1.8097866577   0.163689054882     404.1483  -----------------A-A-----
    22      1    -5.6129218890   0.003650387732       9.0128  -----------------ACAAA---
    23      9    -1.3277017198   0.265085803181     654.4968  -----------------C-------
    24      4    -1.5317880656   0.216148833288     533.6715  -----------------C-C-----
    25      1    -8.8681279084   0.000140805943       0.3476  -----------------CCAGG---
    26      1    -5.2575450636   0.005208074529      12.8587  -----------------CCCTT---
    27     20    -1.1318577540   0.322433697173     796.0888  -----------------G-------
    28      2    -4.1378726535   0.015956760982      39.3972  -----------------G-C-----
    29      2    -1.3247207488   0.265877195248     656.4508  -----------------G-G-----
    30      1    -5.0924672245   0.006142845397      15.1667  -----------------GCGGG---
    31      1    -6.8445255831   0.001065271500       2.6302  -----------------GGCCC---
    32      2    -1.5995030267   0.201996880113     498.7303  -----------------T-------
    33      1    -8.9011996696   0.000136225403       0.3363  -----------------TCAAA---
    34      1    -1.5583474458   0.210483619533     519.6841  ---------------A---------
    35     14    -1.3277017198   0.265085803181     654.4968  ---------------C---------
    36      8    -1.1318577540   0.322433697173     796.0888  ---------------G---------
    37      4    -1.5995030267   0.201996880113     498.7303  ---------------T---------
    38     27    -1.5583474458   0.210483619533     519.6841  --------------A----------
    39     20    -1.3277017198   0.265085803181     654.4968  --------------C----------
    40     42    -1.1318577540   0.322433697173     796.0888  --------------G----------
    41     25    -1.5995030267   0.201996880113     498.7303  --------------T----------
    42      1    -1.6636362311   0.189448846328     467.7492  ------------A--A---------
    43      1    -6.5721416520   0.001398798462       3.4536  ------------AA-AA---CCCA-
    44      1    -1.7071179568   0.181387807518     447.8465  ------------AAA----------
    45      1    -5.2426361495   0.005286302967      13.0519  ------------AGG----------
    46      1    -1.4133695928   0.243322004162     600.7620  ------------C--C---------
    47      1    -5.1065660406   0.006056846217      14.9544  ------------CC---------A-
    48      1    -1.5213560569   0.218415502188     539.2679  ------------CC---------C-
    49      2    -1.7969312301   0.165806931606     409.3773  ------------CC-CC---CCCC-
    50      1    -5.4054873511   0.004491864752      11.0904  ------------CC-CC---CCTC-
    51      2    -1.5015224826   0.222790706831     550.0703  ------------CCC-C--------
    52      1    -2.1153426771   0.120591958371     297.7415  ------------CCC-CCCCCCCC-
    53      1    -5.9391872020   0.002634169829       6.5038  ------------CGC----------
    54      1    -4.3353267521   0.013097593707      32.3380  ------------G--A---------
    55      2    -1.2134261115   0.297177370468     733.7309  ------------G--G---------
    56      1    -5.2479616438   0.005258225620      12.9826  ------------G--T---------
    57      1    -5.2573908530   0.005208877732      12.8607  ------------GA---------G-
    58      1    -6.2789733725   0.001875324866       4.6302  ------------GC-GG---GGGG-
    59      3    -1.5796856910   0.206039848202     508.7124  ------------GG-GG---GGGG-
    60      1   -13.3641748651   0.000001570408       0.0039  ------------GGA-GAGAAAAG-
    61      1    -5.5288525887   0.003970542321       9.8033  ------------GGC----------
    62      1    -5.7694041523   0.003121616968       7.7073  ------------GGC-G--------
    63      2    -1.2475164941   0.287217217493     709.1393  ------------GGG----------
    64      1    -6.3903312289   0.001677700407       4.1422  ------------GGG-GGGGGGTG-
    65      1    -2.1411210502   0.117523019942     290.1643  ------------TT-TT---TTTT-
    66      3    -1.1318577540   0.322433697173     796.0888  --------G----------------
    67      1    -7.4529901953   0.000579705585       1.4313  -------AAAT--------------
    68      1    -1.3584636681   0.257055396160     634.6698  -------CC----------------
    69      1    -1.3974656715   0.247222714258     610.3929  -------CCCC--------------
    70      2    -1.1612444268   0.313096312904     773.0348  -------GG----------------
    71      1    -1.6799186121   0.186389145252     460.1948  -------TTTT--------------
    72      1    -2.1482104929   0.116692793624     288.1145  ------A-----AAA-----AAAA-
    73      1    -2.2418857930   0.106257934848     262.3508  ------AAAAA--A-AA---AAAA-
    74      1    -2.1726039434   0.113880691620     281.1714  ------AAAAA-AA------AAAA-
    75      1   -15.1964738507   0.000000251336       0.0006  ------AAAAA-CA-AC---GGGG-
    76      1    -2.7087485479   0.066620126467     164.4851  ------AAAAAAAA-AAAAAAAAA-
    77      1    -1.4101673548   0.244102428031     602.6889  ------CCCCC--------------
    78      1    -6.6681853261   0.001270702571       3.1374  ------G-----GGG-----CCGG-
    79      1    -1.5902861933   0.203867257947     503.3483  ------G-----GGG-----GGGG-
    80      2    -1.2107167687   0.297983617524     735.7216  ------GGGGG--------------
    81      1    -1.6633142169   0.189509861377     467.8998  ------GGGGG--G-GG---GGGG-
    82      1   -10.9864765381   0.000016929100       0.0418  ------GGGGG-AG------TTGG-
    83      1   -10.8474410584   0.000019454327       0.0480  ------GGGGG-CCGCC---CCCC-
    84      1    -1.6095045188   0.199986679174     493.7671  ------GGGGG-GG------GGGG-
    85      1    -5.5282930496   0.003972764617       9.8088  ------GGGGG-GG-GG---AAAG-
    86      1    -1.6966048581   0.183304814630     452.5796  ------GGGGG-GG-GG---GGGG-
    87      1    -1.7288976624   0.177479945000     438.1980  ------GGGGG-GGGGG---GGGG-
    88      1   -14.0197010038   0.000000815307       0.0020  ------GGGGGGGG-GGGGGCCAT-
    89      1    -2.0251160161   0.131978530661     325.8550  ------GGGGGGGG-GGGGGGGGG-
    90      1   -11.5730124484   0.000009416826       0.0233  ------GGGTG-AAAAA---AAAA-
    91      1   -15.9533180829   0.000000117913       0.0003  ------GGTGG--C-CC---GGGC-
    92      1    -1.5749294504   0.207022157503     511.1377  ---AAA-------------------
    93     17    -2.6274623777   0.072261602424     178.4139  ---AAAA-AAA-AA--AAAAAAAA-
    94      1    -5.2334274318   0.005335207869      13.1726  ---AAAA-AAA-AA--AAAGAAAA-
    95      1    -5.0828235284   0.006202371696      15.3137  ---AAAA-AAA-AA--AAGAAAAA-
    96      1    -5.0828255407   0.006202359215      15.3136  ---AAAA-AAA-AA--AGAAAAAA-
    97      7    -2.6806044467   0.068521723902     169.1801  ---AAAA-AAA-AA-AAAAAAAAA-
    98      1    -5.1359655975   0.005881369726      14.5211  ---AAAA-AAA-AA-AAAGAAAAA-
    99      1    -2.4214257864   0.088794924564     219.2347  ---AAAAAAAA-AA-AA--AAAAA-
   100      1    -2.0798100319   0.124953947203     308.5113  ---AAAAAAAA-AAA-A------A-
   101      1   -15.2229945411   0.000000244758       0.0006  ---AAAAAAAA-GG-GACCCCCCG-
   102      1    -1.9883586447   0.136919975437     338.0554  ---AAAAAAAAAAA-AA--------
   103      1    -2.7289029694   0.065290876486     161.2032  ---AAAAAAAAAAA-AAAAAAAAA-
   104      1    -2.7289029694   0.065290876486     161.2032  ---AAAAAAAAAAAA-AAAAAAAA-
   105      1    -4.6536696294   0.009526578695      23.5211  ---AAAAAAAAAAAAAA------G-
   106      3    -2.7703451726   0.062640379267     154.6591  ---AAAAAAAAAAAAAAAAAAAAA-
   107      2    -2.8670456533   0.056866682547     140.4038  ---AAAAAAAAAAAAAAAAAAAAAA
   108      1   -12.4500746023   0.000003917431       0.0097  ---AAAAAAAAACCCCCAAAAAACA
   109      3    -1.3412169597   0.261527206765     645.7107  ---CCC-------------------
   110      1    -2.1819859688   0.112817256463     278.5458  ---CCC------CC-CCCCCCCCC-
   111      1    -6.2495949122   0.001931236298       4.7682  ---CCC------TC-CCCCCCCCC-
   112      1    -9.9771589941   0.000046448843       0.1147  ---CCC------TT-TTTTTTTGT-
   113      1    -7.9024953238   0.000369819569       0.9131  ---CCCA-CCC-CC--C--------
   114      1    -7.9962095057   0.000336736610       0.8314  ---CCCC-ACC-CC-CCCCCCCCC-
   115      1    -1.4139070114   0.243191273540     600.4393  ---CCCC-CCC--------------
   116      1    -6.7963979748   0.001117794228       2.7598  ---CCCC-CCC-CC--ACCCCCCC-
   117      1    -5.9686041681   0.002557809200       6.3152  ---CCCC-CCC-CC--CCACCCCC-
   118      1    -7.2190238327   0.000732517129       1.8086  ---CCCC-CCC-CC--CCCCACCC-
   119     25    -2.1980856487   0.111015477694     274.0972  ---CCCC-CCC-CC--CCCCCCCC-
   120      1    -6.2364592615   0.001956771688       4.8313  ---CCCC-CCC-CC--CCCCCCGC-
   121      1    -5.8092733386   0.002999608981       7.4060  ---CCCC-CCC-CC--CCCCCCTC-
   122      1   -10.8539702951   0.000019327719       0.0477  ---CCCC-CCC-CC--CCCCGCCA-
   123      1    -6.7925341409   0.001122121554       2.7705  ---CCCC-CCC-CC--CCCCGCCC-
   124      1   -13.2005388119   0.000001849604       0.0046  ---CCCC-CCC-CC--CGGGTTTT-
   125      1    -6.9451041317   0.000963340013       2.3785  ---CCCC-CCC-CC-ACCCCCCCC-
   126      1    -6.0118860917   0.002449463907       6.0477  ---CCCC-CCC-CC-CCCACCCCC-
   127      1    -7.2623057563   0.000701488707       1.7320  ---CCCC-CCC-CC-CCCCCACCC-
   128     17    -2.2413675723   0.106313014180     262.4868  ---CCCC-CCC-CC-CCCCCCCCC-
   129      1    -6.2797411851   0.001873885521       4.6266  ---CCCC-CCC-CC-CCCCCCCGC-
   130      1    -5.8525552625   0.002872549654       7.0923  ---CCCC-CCC-CC-CCCCCCCTC-
   131      1    -5.5853964000   0.003752262078       9.2643  ---CCCC-CCC-CC-CCCGCCCCC-
   132      1   -10.0798500895   0.000041915700       0.1035  ---CCCC-CCC-CC-CCCGCGGGC-
   133      1    -5.1839541113   0.005605796590      13.8407  ---CCCC-CCC-CC-CCCTCCCCC-
   134      1   -11.3708649899   0.000011526464       0.0285  ---CCCC-CCC-CC-CCTTCGGGC-
   135      1    -6.2625720086   0.001906336372       4.7067  ---CCCC-CCC-CT--CCCCCCCC-
   136      1   -13.2879045685   0.000001694870       0.0042  ---CCCC-CCC-CT-CCGCCCCCG-
   137      1   -12.0761391575   0.000005693763       0.0141  ---CCCC-CCC-GC-CCCCCAACC-
   138      1    -6.9867600716   0.000924035496       2.2814  ---CCCC-CCC-GG--C--------
   139      1   -22.5138042114   0.000000000167       0.0000  ---CCCC-CCG-TC--GGTTTTTT-
   140      1    -7.1439630444   0.000789616602       1.9496  ---CCCC-CCT-CC-CCCCCCCCC-
   141      1   -20.1183078434   0.000000001831       0.0000  ---CCCCCAGGCCCCCCTTTTTTC-
   142      1    -1.3876825094   0.249653203697     616.3938  ---CCCCCC----------------
   143      2    -2.2655381510   0.103774173333     256.2184  ---CCCCCC-CCCCC-CCCCCCCC-
   144      1    -5.4906572893   0.004125131878      10.1850  ---CCCCCC-CCCCC-CCCCCCCT-
   145      1    -5.6095669788   0.003662655022       9.0431  ---CCCCCC-CCCCC-CCGCCCCC-
   146      5    -1.4265975411   0.240124547786     592.8675  ---CCCCCCCC--------------
   147      1    -8.3425221742   0.000238170876       0.5880  ---CCCCCCCC-AA-CC--CCCCC-
   148      1    -2.0305644821   0.131261405518     324.0844  ---CCCCCCCC-CC-CC--CCCCC-
   149      1    -6.6994099515   0.001231638415       3.0409  ---CCCCCCCC-CC-CC--G---G-
   150      1    -2.0793623692   0.125009896953     308.6494  ---CCCCCCCC-CC-CCCCC---C-
   151      1    -2.2540580417   0.104972376786     259.1768  ---CCCCCCCC-CC-CCCCCCCCC-
   152      1    -5.4233188381   0.004412478020      10.8944  ---CCCCCCCC-CC-CCGCC---C-
   153      1   -20.2450072441   0.000000001613       0.0000  ---CCCCCCCC-CC-GG--GGCGC-
   154      1    -1.7523598585   0.173364345027     428.0366  ---CCCCCCCC-CCC-C------C-
   155      1   -14.4214636205   0.000000545554       0.0013  ---CCCCCCCC-CT-CCCCCCCAG-
   156      1   -22.4296546736   0.000000000182       0.0000  ---CCCCCCCC-GG-CGAGGCGCG-
   157      1   -15.3697784253   0.000000211344       0.0005  ---CCCCCCCC-GG-GGACC---A-
   158      1    -6.9398054092   0.000968458032       2.3911  ---CCCCCCCCCCC-CCTTCCCCC-
   159      1   -13.8355260868   0.000000980183       0.0024  ---CCCCCCCCCCC-CGCGCCCGC-
   160      1    -1.9623282432   0.140530849746     346.9707  ---CCCCCCCCCCCC-C---CCCC-
   161      3    -1.8128081166   0.163195221558     402.9290  ---CCCCCCCCCCCCCC------C-
   162      8    -2.3145047645   0.098815108637     243.9745  ---CCCCCCCCCCCCCCCCCCCCC-
   163      1    -2.3931986568   0.091337060217     225.5112  ---CCCCCCCCCCCCCCCCCCCCCC
   164      1   -20.6084482784   0.000000001122       0.0000  ---CCCCCCCCCCCCCCTCTCGGAC
   165      1    -6.2457214471   0.001938731381       4.7867  ---CCCCCCCCCCCCGC--------
   166      2    -6.4127889691   0.001640442971       4.0503  ---CCCCCCCCCCCTCCCCCCCCC-
   167      1   -14.9847689636   0.000000310597       0.0008  ---CCCCCCCCCCGGCCCCCCCCG-
   168      1   -19.3307853722   0.000000004025       0.0000  ---CCCCCCGTCCCCCCCCTTTTC-
   169      1    -8.1349688166   0.000293108176       0.7237  ---CCCGCCCC-CC-CCCCCCCCC-
   170      1   -12.7035150802   0.000003040419       0.0075  ---CCCGGGGG-AAA-A------A-
   171      1   -11.2448822540   0.000013074036       0.0323  ---CCCT-CCC-CC--CCCCCCTC-
   172      1    -7.5375864406   0.000532681731       1.3152  ---CCTCCCCCCCCCCC--------
   173      1   -18.0592461031   0.000000014354       0.0000  ---CCTTTTTTTCTTTTCTTTTTTC
   174      3    -1.1447854674   0.318292194532     785.8634  ---GGG-------------------
   175      1   -11.9830250274   0.000006249400       0.0154  ---GGGG-GGC-CC--CCCCCCCC-
   176      1    -7.5036126619   0.000551089868       1.3606  ---GGGG-GGC-GG--GGGGGGGG-
   177      2    -1.2143032458   0.296916820273     733.0876  ---GGGG-GGG--------------
   178      1   -17.0756055557   0.000000038385       0.0001  ---GGGG-GGG-CG--CACGGGGG-
   179      1    -6.6595585771   0.001281712023       3.1645  ---GGGG-GGG-CG--GGGGGGGG-
   180      1    -6.0849724652   0.002276827015       5.6215  ---GGGG-GGG-GC--G--------
   181      1    -9.4851325093   0.000075973003       0.1876  ---GGGG-GGG-GG--ATGGGGGG-
   182      1    -5.6577003838   0.003490534566       8.6181  ---GGGG-GGG-GG--GGGCGGGG-
   183      2    -6.0720424547   0.002306457561       5.6946  ---GGGG-GGG-GG--GGGGAGGG-
   184     27    -1.9618673764   0.140595630670     347.1306  ---GGGG-GGG-GG--GGGGGGGG-
   185      1    -7.0239733881   0.000890281024       2.1981  ---GGGG-GGG-GG--GGGGTGGG-
   186      1   -10.0222955123   0.000044398916       0.1096  ---GGGG-GGG-GG-CGCGGGGGG-
   187      8    -2.0031894357   0.134904327677     333.0788  ---GGGG-GGG-GG-GGGGGGGGG-
   188      1   -15.6094462609   0.000000166304       0.0004  ---GGGG-GGG-TA--ACCCCCCC-
   189      1   -16.0851542097   0.000000103349       0.0003  ---GGGGGC-GGGCG-GGGGGGGC-
   190      1   -13.8764608752   0.000000940870       0.0023  ---GGGGGG-GGACG-AGGGGGGG-
   191      1    -7.5048980330   0.000550381968       1.3589  ---GGGGGG-GGGGG-GAAAAAAG-
   192      1   -15.9170168813   0.000000122272       0.0003  ---GGGGGGCGGGG-GGCGGGCGG-
   193      1   -18.7921151789   0.000000006897       0.0000  ---GGGGGGGAGAGAAC------G-
   194      4    -1.2264405017   0.293334846501     724.2437  ---GGGGGGGG--------------
   195      1    -5.8524648731   0.002872809314       7.0930  ---GGGGGGGG-AA-AA--AAAAA-
   196      1    -9.4099983994   0.000081901078       0.2022  ---GGGGGGGG-CC-CC--C---T-
   197      1   -10.0866326870   0.000041632365       0.1028  ---GGGGGGGG-GG-AT--G---G-
   198      1   -19.3063363007   0.000000004124       0.0000  ---GGGGGGGG-GG-GCACCTCCC-
   199      1    -1.8026826933   0.164856036292     407.0296  ---GGGGGGGG-GG-GG--GGGGG-
   200      1    -1.8485151540   0.157470812707     388.7954  ---GGGGGGGG-GG-GGGGG---G-
   201      1    -7.0774326124   0.000843937083       2.0837  ---GGGGGGGG-GG-GGGGGTGGG-
   202      1   -11.8887534386   0.000006867205       0.0170  ---GGGGGGGG-GG-GTCCG---G-
   203      1    -5.1245327434   0.005948996415      14.6881  ---GGGGGGGG-GGG-G------C-
   204      1   -21.1197125708   0.000000000673       0.0000  ---GGGGGGGG-GT-CTGCC---C-
   205      1   -11.3327704442   0.000011974030       0.0296  ---GGGGGGGG-TCC-C------G-
   206      1   -19.7480641637   0.000000002652       0.0000  ---GGGGGGGGAAAAAATGAAAGG-
   207      1    -6.8139429263   0.001098353623       2.7118  ---GGGGGGGGGAA-GG--------
   208      1   -10.3227604403   0.000032876237       0.0812  ---GGGGGGGGGAGAAG------G-
   209      1   -12.4439502654   0.000003941496       0.0097  ---GGGGGGGGGCCGCGGGGGGGGG
   210      1   -10.4253142648   0.000029671776       0.0733  ---GGGGGGGGGCG-CC--------
   211      1    -5.8357876327   0.002921121583       7.2122  ---GGGGGGGGGGG-GC--------
   212      1    -1.4665237033   0.230726165294     569.6629  ---GGGGGGGGGGG-GG--------
   213      2    -2.0408397470   0.129919565487     320.7714  ---GGGGGGGGGGG-GGGGGGGGG-
   214      1    -1.7378417927   0.175899619089     434.2962  ---GGGGGGGGGGGG-G---GGGG-
   215      1    -9.2345677219   0.000097606378       0.2410  ---GGGGGGGGGGGG-GCGCGGGG-
   216      1    -2.0408397470   0.129919565487     320.7714  ---GGGGGGGGGGGG-GGGGGGGG-
   217      1    -5.9652998359   0.002566275031       6.3361  ---GGGGGGGGGGGGGC------G-
   218      2    -1.5949517822   0.202918312534     501.0053  ---GGGGGGGGGGGGGG------G-
   219      1    -8.6275290707   0.000179106659       0.4422  ---GGGGGGGGGGGGGGGAGGGAGG
   220      2    -2.0731325506   0.125791116832     310.5783  ---GGGGGGGGGGGGGGGGGGGGG-
   221      5    -2.1480971360   0.116706022303     288.1472  ---GGGGGGGGGGGGGGGGGGGGGG
   222      1    -6.0407668665   0.002379733276       5.8756  ---GGGGGGGGGGGGGGGGTGGGG-
   223      1    -6.4846347439   0.001526718308       3.7695  ---GGGGGGGGGGGT-G---GGGG-
   224      2    -7.5380922250   0.000532412377       1.3145  ---GGGTGG----------------
   225      1   -20.1703223795   0.000000001738       0.0000  ---TGGG-GGG-GG--GCCCCCGG-
   226      1   -35.3250294680   0.000000000000       0.0000  ---TTGTGGTGTAGAGA--------
   227      2    -1.6150778580   0.198875185819     491.0228  ---TTT-------------------
   228      1   -13.6426353021   0.000001188718       0.0029  ---TTTACCCCCCC-CC--------
   229      1   -17.1234114969   0.000000036593       0.0001  ---TTTCTC-CCCCT-CCCCCCCC-
   230      1   -22.4108361439   0.000000000185       0.0000  ---TTTGGG-GGGCG-GCCCCCCT-
   231      1   -11.5238516597   0.000009891333       0.0244  ---TTTT-TTT-AA-AATTCTTTT-
   232      8    -2.6047547981   0.073921260611     182.5116  ---TTTT-TTT-TT--TTTTTTTT-
   233      1    -7.2462841349   0.000712818210       1.7599  ---TTTT-TTT-TT-TATTTTTTT-
   234      1    -6.9022822242   0.001005488059       2.4826  ---TTTT-TTT-TT-TTCCTTTTT-
   235      1    -6.4096136703   0.001645660147       4.0631  ---TTTT-TTT-TT-TTTATTTTT-
   236     12    -2.6547018616   0.070319800575     173.6196  ---TTTT-TTT-TT-TTTTTTTTT-
   237      1   -11.0620638461   0.000015696641       0.0388  ---TTTTTTTC-TT-TTTTTCCCT-
   238      1   -14.8507530685   0.000000355140       0.0009  ---TTTTTTTT-GG-GGGGTGGGT-
   239      1    -5.5575297386   0.003858295634       9.5261  ---TTTTTTTT-TTT-C------T-
   240      4    -2.7389973742   0.064635119254     159.5841  ---TTTTTTTTTTTTTTTTTTTTT-
   241      2    -2.8299552953   0.059015491878     145.7092  ---TTTTTTTTTTTTTTTTTTTTTT
   242      1    -1.5583474458   0.210483619533     519.6841  --A----------------------
   243      1    -1.3277017198   0.265085803181     654.4968  --C----------------------
   244      1    -1.5995030267   0.201996880113     498.7303  --T----------------------
   245     17    -1.5583474458   0.210483619533     519.6841  -A-----------------------
   246      1    -1.6787287050   0.186611063007     460.7427  -A----------------------A
   247      1    -5.2720835198   0.005132904915      12.6731  -A----------------------C
   248      1    -4.2112144535   0.014828349058      36.6112  -A----------------------G
   249      1    -7.6482555375   0.000476875295       1.1774  -A-AAAAAAAAAAATAA--AAAAAA
   250      1    -6.1534450262   0.002126144515       5.2495  -A-GGGGGGGGGGGGGG--GGGGGA
   251      5    -1.7314015360   0.177036113527     437.1022  -AA----------------------
   252      6    -1.7945850170   0.166196406724     410.3389  -AA---------------------A
   253     15    -3.0165455621   0.048970090652     120.9072  -AAAAAAAAAAAAAAAAAAAAAAAA
   254      1    -7.5108813611   0.000547098685       1.3508  -AAAAAAAAAAAAAAAAAAAAATAA
   255      1    -5.4719071038   0.004203208555      10.3777  -AAAAAAAAAAAAAAAAAGAAAAAA
   256      1    -6.5329880380   0.001454652792       3.5915  -AAAAAAAAAAAAAAAACAAAAAAA
   257      1   -13.1122360686   0.000002020358       0.0050  -AAAAAAAAAAAAAAAACCCCCGAA
   258      2    -5.4719091161   0.004203200096      10.3777  -AAAAAAAAAAAAAAAAGAAAAAAA
   259      1    -8.3831751646   0.000228682686       0.5646  -AAAAAAAAAAAAAAAAGGGAAAAA
   260      1   -10.9641166295   0.000017311897       0.0427  -AAAAAAAAAAACAAAAC-AAAAAA
   261      1   -11.5490537939   0.000009645165       0.0238  -AACCCCCCCCCAAAAAAAAAAACA
   262      1    -7.5696895462   0.000515852572       1.2736  -AAGGGGGGGGGGGGGG--GGGGGA
   263      2    -7.7826343952   0.000416912415       1.0294  -AAGGGGGGGGGGGGGGGGGGGGGA
   264      1   -10.3217737735   0.000032908691       0.0813  -AGAAAAAAAAAAAACA--AAAAAA
   265      1   -15.5368686278   0.000000178823       0.0004  -AGAAAAAAAAAGGGCGGGGGGGGA
   266      1   -30.7172811480   0.000000000000       0.0000  -AGCCCACCCCCCGCGGCGGGGGGA
   267      1   -24.1256755558   0.000000000033       0.0000  -AGCCCCCCCCCCCGGCCTCGGGCA
   268      1   -26.4294759418   0.000000000003       0.0000  -AGCCGCCCCCGGGGGGCGCGGGGA
   269      1   -16.9910519709   0.000000041771       0.0001  -AGGGCGGGGGGGGGGGGGGGGGCA
   270      1   -11.5355230311   0.000009776558       0.0241  -AGGGGGGGGGGGGGGGAAAAAAGG
   271      1   -10.3837200433   0.000030931977       0.0764  -AGGGGGGGGGGGGGGGGGCGGGGA
   272      1    -6.6878877573   0.001245911663       3.0762  -AGGGGGGGGGGGGGGGGGGGGGGA
   273      3    -5.9228494904   0.002677559616       6.6109  -AGGGGGGGGGGGGGGGGGGGGGGG
   274      1    -5.7062446899   0.003325136045       8.2098  -AT---------------------A
   275     11    -1.3277017198   0.265085803181     654.4968  -C-----------------------
   276      1    -1.4256235269   0.240358546452     593.4453  -C----------------------C
   277      1   -15.1191970393   0.000000271529       0.0007  -C-CCCCCCCCTCCTCC--CCCACC
   278      5    -1.4683423310   0.230306941610     568.6278  -CC----------------------
   279     10    -1.5199676138   0.218718970310     540.0171  -CC---------------------C
   280      1   -17.2505143309   0.000000032225       0.0001  -CCCCCCCCCCCCCCCAGGGCCGCC
   281      1    -2.2914765774   0.101117044423     249.6580  -CCCCCCCCCCCCCCCC--CCCCCC
   282      1    -9.6685880421   0.000063239083       0.1561  -CCCCCCCCCCCCCCCCAAACCCCC
   283      1    -9.8966696150   0.000050342062       0.1243  -CCCCCCCCCCCCCCCCACCCCTCC
   284      1    -6.2854879869   0.001863147556       4.6001  -CCCCCCCCCCCCCCCCCACCCCCC
   285     19    -2.5149693921   0.080865387291     199.6566  -CCCCCCCCCCCCCCCCCCCCCCCC
   286      1    -6.6462828414   0.001298841142       3.2068  -CCCCCCCCCCCCCCCCCCCCCCCG
   287      1    -6.1504889438   0.002132438872       5.2650  -CCCCCCCCCCCCCCCCCCCCCCGC
   288      1    -6.4733452750   0.001544051806       3.8123  -CCCCCCCCCCCCCCCCCCCCCG-C
   289      1   -10.4168014360   0.000029925445       0.0739  -CCCCCCCCCCCCCCCCCGCCCCCA
   290      1   -14.0523166961   0.000000789144       0.0019  -CCCCCCCCCCCCCCCCCGCCCCGA
   291      1    -9.8810481602   0.000051134652       0.1263  -CCCCCCCCCCCCCCCCCTCTTCCC
   292      1    -9.4701799233   0.000077117531       0.1904  -CCCCCCCCCCCCCCCCGCCCCTCC
   293      1    -7.6743250292   0.000464604046       1.1471  -CCCCCCCCCCCCCCCCGGCCCCCC
   294      1    -9.0685831159   0.000115229690       0.2845  -CCCCCCCCCCCCCCCCTCCCCTCC
   295      1   -10.2985748159   0.000033681063       0.0832  -CCCCCCCCCCCCCCCGCCCCCTCC
   296      1   -21.6426022607   0.000000000399       0.0000  -CCCCCCCCCCCCCTTCGTGTTTTC
   297      1   -13.9969269423   0.000000834088       0.0021  -CCCCCCCCCCCCGCCCCGCCCCGC
   298      1   -19.0177745724   0.000000005504       0.0000  -CCCCCCCCCCCTTTTTCGTTTTTT
   299      1   -18.1143132044   0.000000013585       0.0000  -CCCCCCCGCCCCCCCCAACCCCCA
   300      1   -13.6601494912   0.000001168080       0.0029  -CCGGGAGGGGGGGGGG--GGGGGC
   301      1   -15.7870360492   0.000000139244       0.0003  -CCGGGGGGGGGGGGGCC-CTCCCC
   302      1    -4.4943716573   0.011171698066      27.5829  -CG----------------------
   303      1   -16.7388436846   0.000000053754       0.0001  -CGCCCCCCCCCCCCCCCGTCCGCC
   304      1    -7.3747626030   0.000626875499       1.5478  -CGGGGGGGGGGGGGGGGGGGGGGC
   305      1    -6.5924550856   0.001370670715       3.3842  -CGGGGGGGGGGGGGGGGGGGGGGG
   306      1   -11.4135372818   0.000011044950       0.0273  -CTAAAAAAAAAAAAAACCCCCCCC
   307      3    -5.8540171797   0.002868353292       7.0820  -CTCCCCCCCCCCCCCCCCCCCCCC
   308      1    -9.1980460621   0.000101237020       0.2500  -CTCCCCCCCCCCCCCCCGCCCCCC
   309      1   -13.7924939300   0.000001023284       0.0025  -CTCCCCCCCCCCCCCCCGCCGCCC
   310      1   -17.2948036973   0.000000030829       0.0001  -CTCCCCCCCCCCCCCCCGCGGGGC
   311      1   -14.5198797633   0.000000494420       0.0012  -CTTTTTTTTTTTTTTTCCTCTTTT
   312      9    -1.1318577540   0.322433697173     796.0888  -G-----------------------
   313      1    -4.3308413352   0.013156473828      32.4833  -GA---------------------G
   314      1   -23.7166889622   0.000000000050       0.0000  -GACCCCCCCCCGGCCTGGGGGGCG
   315      2    -5.5672870193   0.003820832228       9.4336  -GAGGGGGGGGGGGGGGGGGGGGGG
   316      1   -16.0230293990   0.000000109973       0.0003  -GAGGGGGGGTGGGGGTGGGGGGGG
   317      1    -4.4943716573   0.011171698066      27.5829  -GC----------------------
   318      1    -7.4145786121   0.000602406186       1.4873  -GCCCCCCCCCCCCCCCCCCCCCCG
   319      1   -14.5242566573   0.000000492261       0.0012  -GCCCCCCCCCCGGGGGCGGGGGGG
   320      1    -6.2166637726   0.001995892875       4.9279  -GCGGGGGGGGGGGGGGGGGGGGGG
   321      3    -1.2653106479   0.282151632708     696.6324  -GG----------------------
   322      3    -1.3150579770   0.268458758349     662.8247  -GG---------------------G
   323      1    -5.8898217857   0.002767469856       6.8329  -GG---------------------T
   324      1   -12.9509779785   0.000002373896       0.0059  -GGAAAAAAAAAGGGGGAGGGGGGA
   325      1   -11.2192930017   0.000013412908       0.0331  -GGCCCCCCCCCCCCCCGGCGGGGG
   326      1   -19.8954154071   0.000000002288       0.0000  -GGCCCCCCCCCGCAGGGGGGAGGG
   327      1   -18.4940934588   0.000000009292       0.0000  -GGGGCGGGGGGGCGGGGGGGTGGG
   328      1   -13.0329976314   0.000002186961       0.0054  -GGGGGGGGAGGGGGGGAGAGGGGG
   329      1   -13.7319228068   0.000001087181       0.0027  -GGGGGGGGCCGCGGGGGGGGGGGG
   330      1   -14.9999417217   0.000000305920       0.0008  -GGGGGGGGCGGGGGGGCGCGGGGG
   331      1   -26.5728546472   0.000000000003       0.0000  -GGGGGGGGGCGCCGGCCGGGTGGG
   332      1   -13.8336834959   0.000000981991       0.0024  -GGGGGGGGGGCGGGGGCGAGGGGG
   333      1   -11.0218394066   0.000016340900       0.0403  -GGGGGGGGGGGCGGAGGGGGGGGG
   334      1    -6.2922700021   0.001850554413       4.5690  -GGGGGGGGGGGGAGGGGGGGGGGG
   335      2    -6.9636876176   0.000945603115       2.3347  -GGGGGGGGGGGGCGGGGGGGGGGG
   336      1    -6.1618940891   0.002108256262       5.2053  -GGGGGGGGGGGGGGGG--GAGGGG
   337      1   -12.2578813435   0.000004747552       0.0117  -GGGGGGGGGGGGGGGGAAGTTGGG
   338      1   -11.7209504192   0.000008121868       0.0201  -GGGGGGGGGGGGGGGGCCGAAAGG
   339      1    -9.9186678394   0.000049246718       0.1216  -GGGGGGGGGGGGGGGGCGGGAGGG
   340      1    -5.8084941097   0.003001947274       7.4118  -GGGGGGGGGGGGGGGGCGGGGGGG
   341      1    -9.1634909542   0.000104796419       0.2587  -GGGGGGGGGGGGGGGGCTGGGGGG
   342      1    -2.1640682228   0.114856905797     283.5817  -GGGGGGGGGGGGGGGGG-GGGGGG
   343      1    -5.1720439212   0.005672961874      14.0065  -GGGGGGGGGGGGGGGGGAGGGGGG
   344      2    -5.8084920385   0.003001953491       7.4118  -GGGGGGGGGGGGGGGGGCGGGGGG
   345      1    -5.9602131406   0.002579362147       6.3684  -GGGGGGGGGGGGGGGGGGCGGGGG
   346      1   -10.5031418211   0.000027450071       0.0678  -GGGGGGGGGGGGGGGGGGGGAC-G
   347      2    -5.9228494904   0.002677559616       6.6109  -GGGGGGGGGGGGGGGGGGGGGGGA
   348     28    -2.2643794631   0.103894484906     256.5155  -GGGGGGGGGGGGGGGGGGGGGGGG
   349      1    -6.8642563925   0.001044458831       2.5788  -GGGGGGGGGGGGGGGGGGGGGGGT
   350      1    -6.2320144474   0.001965488533       4.8528  -GGGGGGGGGGGGGGGGGGTGGGGG
   351      1   -10.3161229701   0.000033095178       0.0817  -GGGGGGGGGGGGGGGGGTGGGCGG
   352      1    -6.0802933453   0.002287505525       5.6479  -GGGGGGGGGGGGGGGGGTGGGGGG
   353      1    -6.0802954166   0.002287500788       5.6478  -GGGGGGGGGGGGGGGGTGGGGGGG
   354      1   -16.4275347865   0.000000073386       0.0002  -GGGGGGGGGGGGGTGCGGGGCGGG
   355      1    -7.2669004997   0.000698272940       1.7240  -GGGGGGGGGGGGGTGGGGGGGGGG
   356      1    -8.5094865640   0.000201547280       0.4976  -GGGGGGGGGGGGGTTGGGGGGGGG
   357      1    -5.2498694021   0.005248203759      12.9578  -GT---------------------G
   358      1   -18.5854717889   0.000000008481       0.0000  -GTCCCCCCCCCCCCCCCCCTTCGG
   359      1   -21.2213824553   0.000000000608       0.0000  -GTGGGGGGGGCCGGGGGGGGTGGG
   360      1    -9.9301805515   0.000048683006       0.1202  -GTGGGGGGGGGGGGGG--CGGGGG
   361     11    -1.5995030267   0.201996880113     498.7303  -T-----------------------
   362      1    -5.1173951349   0.005991609921      14.7933  -T----------------------G
   363      1    -1.7127862170   0.180362562655     445.3152  -T----------------------T
   364      1    -7.6052888989   0.000497811584       1.2291  -TAAAAAAAAAAAAAAAAAAAAAAA
   365      1   -14.7980886123   0.000000374345       0.0009  -TAGGGGGGGGGAGGGGGGGGGGGT
   366      1   -10.7701983198   0.000021016592       0.0519  -TAGGGGGGGGGGGGGGGGGGGGGT
   367      1    -4.1157122100   0.016314317051      40.2800  -TC----------------------
   368      1    -4.5919110463   0.010133474318      25.0195  -TC---------------------T
   369      2    -6.9716027893   0.000938148047       2.3163  -TCCCCCCCCCCCCCCCCCCCCCCT
   370      1   -10.6069211342   0.000024744158       0.0611  -TCCCCCCCCCCCCCCCCCCCCCGT
   371      1   -11.1240075637   0.000014753834       0.0364  -TCCCCCCCCCCCCCCCCCCTCCCT
   372      1    -9.9141867116   0.000049467894       0.1221  -TCCCCCCCCCCCCCCCCTCCCCCT
   373      1   -15.5123886291   0.000000183255       0.0005  -TCCCCCCCCCCCGCCCCCCCCGCT
   374      1   -10.9255821362   0.000017992022       0.0444  -TCGGGGGGGGGGGGGGGGGGGGGT
   375      2    -4.7661729641   0.008512897061      21.0183  -TG----------------------
   376      1    -5.2729136164   0.005128645876      12.6626  -TG---------------------T
   377      1   -23.2614352705   0.000000000079       0.0000  -TGCCCCCCCCAAAGGAGGGGGGGT
   378      1   -25.4092035081   0.000000000009       0.0000  -TGCCCCCCCCAGGGCGGTGGGGGT
   379      1   -16.2402226074   0.000000088504       0.0002  -TGGGCGGGGGGGGGGGAGGGGGGG
   380      3    -1.7625163918   0.171612475789     423.7112  -TT----------------------
   381      2    -1.8216880140   0.161752479898     399.3669  -TT---------------------T
   382      1    -9.4901236377   0.000075594756       0.1866  -TTAAAAAAAAAAAAAAAAAAAAAT
   383      1   -17.7049131755   0.000000020458       0.0001  -TTAAAAAAAAAAAAAAAGAGGGAA
   384      1   -17.1726610954   0.000000034834       0.0001  -TTCCCCCCCACCCCCCCGCCCCCT
   385      1   -12.1047587403   0.000005533120       0.0137  -TTGGGGGGGGGGGGGGGGGGGGGC
   386      1    -7.0320616062   0.000883109279       2.1804  -TTTTTTTTTTCTTTTTTTTTTTTT
   387      1    -7.7418958520   0.000434247525       1.0722  -TTTTTTTTTTGTTTTTTTTTTTTT
   388      1   -13.8154206698   0.000001000090       0.0025  -TTTTTTTTTTTTTTTTCCTTCCTT
   389      1   -11.0970880294   0.000015156395       0.0374  -TTTTTTTTTTTTTTTTCCTTCTTT
   390      1    -7.2180649208   0.000733219886       1.8103  -TTTTTTTTTTTTTTTTCCTTTTTT
   391      1    -5.6267040587   0.003600422574       8.8894  -TTTTTTTTTTTTTTTTCTTTTTTT
   392      1   -12.0317066084   0.000005952456       0.0147  -TTTTTTTTTTTTTTTTGGTTTG-T
   393      1    -6.2988783736   0.001838365580       4.5389  -TTTTTTTTTTTTTTTTGTTTTTTT
   394      1    -6.2988762511   0.001838369482       4.5389  -TTTTTTTTTTTTTTTTTGTTTTTT
   395     12    -2.9704541017   0.051280018699     126.6104  -TTTTTTTTTTTTTTTTTTTTTTTT
   396      3    -1.8734123781   0.153598629917     379.2350  AAA---------------------A
   397      1    -2.9652089590   0.051549696347     127.2762  AAAAAAAAAAAAAAAAA-AAAAAAA
   398      1    -8.7344750394   0.000160940627       0.3974  AAAAAAAAAAAAAAAAA-GAGGGAA
   399      1    -3.0332645055   0.048158168630     118.9025  AAAAAAAAAAAAAAAAAAAAAAAA-
   400    176    -3.0946326260   0.045291648377     111.8251  AAAAAAAAAAAAAAAAAAAAAAAAA
   401      2    -7.3171671182   0.000664040698       1.6395  AAAAAAAAAAAAAAAAAAAAAACAA
   402      1    -6.2291265002   0.001971172964       4.8668  AAAAAAAAAAAAAAAAAAAAAAGAA
   403      1    -8.1507176973   0.000288528209       0.7124  AAAAAAAAAAAAAAAAAAAAATAAA
   404      2    -6.7761526090   0.001140655013       2.8163  AAAAAAAAAAAAAAAAAAAAGAAAA
   405      3    -5.7005994121   0.003343960446       8.2562  AAAAAAAAAAAAAAAAAAAGAAAAA
   406      1    -7.0370607760   0.000878705483       2.1695  AAAAAAAAAAAAAAAAAAATAAAAA
   407      1   -12.3899813688   0.000004160059       0.0103  AAAAAAAAAAAAAAAAAAATTTAAA
   408      2    -5.5499941679   0.003887479916       9.5982  AAAAAAAAAAAAAAAAAAGAAAAAA
   409      1    -6.6110751019   0.001345384946       3.3218  AAAAAAAAAAAAAAAAACAAAAAAA
   410      1   -20.0012053484   0.000000002059       0.0000  AAAAAAAAAAAAAAAAACCTTCCTA
   411      4    -5.5499961802   0.003887472093       9.5982  AAAAAAAAAAAAAAAAAGAAAAAAA
   412      1    -9.7725274912   0.000056996113       0.1407  AAAAAAAAAAAAAAAAAGAAAACAA
   413      1    -8.9032157435   0.000135951039       0.3357  AAAAAAAAAAAAAAAAAGCAAAAAA
   414      1    -7.0554210619   0.000862719402       2.1301  AAAAAAAAAAAAAAAAAGGAAAAAA
   415      1   -15.7272132531   0.000000147828       0.0004  AAAAAAAAAAAAAAAAAGGAGAGGA
   416      1    -7.9546437123   0.000351028300       0.8667  AAAAAAAAAAAAAAAAAGGGGGGA-
   417      1    -8.0160263130   0.000330129250       0.8151  AAAAAAAAAAAAAAAAAGGGGGGAA
   418      1    -6.8828764088   0.001025190932       2.5312  AAAAAAAAAAAAAAAAATAAAAAAA
   419      1    -8.7929429181   0.000151800573       0.3748  AAAAAAAAAAAAAAAAATTAAAAAA
   420      1    -6.3645418198   0.001721530050       4.2505  AAAAAAAAAAAAAAAAGAAAAAAAA
   421      1    -6.7197774281   0.001206806785       2.9796  AAAAAAAAAAAAAAAGAAAAAAAAA
   422      1    -9.3257442141   0.000089100625       0.2200  AAAAAAAAAAAAAAAGAAAGAAAAA
   423      1   -15.7366393746   0.000000146442       0.0004  AAAAAAAAAAAAAAAGAGGAATAAA
   424      1    -8.0890420197   0.000306883605       0.7577  AAAAAAAAAAAAAAATAAAAAAAAA
   425      1   -11.7596688627   0.000007813412       0.0193  AAAAAAAAAAAAAAATAAACAAAAA
   426      1   -11.7537865225   0.000007859508       0.0194  AAAAAAAAAAAAAAGAAGAGAAAAA
   427      1    -7.7854226535   0.000415751574       1.0265  AAAAAAAAAAAAACAAAAAAAAAAA
   428      1   -23.1013029692   0.000000000093       0.0000  AAAAAAAAAAAAAGCCACAAAACGA
   429      1   -16.6419724779   0.000000059222       0.0001  AAAAAAAAAAAAAGGAAGGGGGGGA
   430      1    -8.0572239604   0.000316805049       0.7822  AAAAAAAAAAAAATAAAAAAAAAAA
   431      1    -9.1441898875   0.000106838748       0.2638  AAAAAAAAAAAAGAAAAGAAAAAAA
   432      1   -11.3271059455   0.000012042049       0.0297  AAAAAAAAAAAATAAAGAAAAAAAA
   433      1   -14.0894049488   0.000000760412       0.0019  AAAAAAAAAAAATATTTAAAAAAAA
   434      1   -11.7432670451   0.000007942623       0.0196  AAAAAAAAAAAGAAAAAAAAACAAA
   435      1    -9.4143448223   0.000081545874       0.2013  AAAAAAAAAAAGAAAAAAGAAAAAA
   436      1   -12.4165168229   0.000004051121       0.0100  AAAAAAAAAAATAAAAAAAAAAATA
   437      1   -23.3947681408   0.000000000069       0.0000  AAAAAAAAAAGTTTTATAAAAAAAA
   438      1   -33.6215104156   0.000000000000       0.0000  AAAAAAAAAATTTTGAGTTTTTTAA
   439      1    -7.5113071398   0.000546865791       1.3502  AAAAAAAAGAAAAAAAAAAAAAAAA
   440      1   -17.7721752603   0.000000019127       0.0000  AAAAAAAAGAAAAAAAAGGAGAGAA
   441      1   -16.6348446522   0.000000059646       0.0001  AAAAAAAAGAAAAAAATAAAAATAA
   442      1   -11.3027910183   0.000012338439       0.0305  AAAAAAAGAAAAAGAAAAAAAAAAA
   443      1   -17.2845415782   0.000000031147       0.0001  AAAAAGAAAAAAAAAAATTAAAGAA
   444      1   -17.7248646872   0.000000020053       0.0000  AAAAAGGGGGGGATAAAAAAAAAAA
   445      1    -9.8931638878   0.000050518857       0.1247  AAAAGAAAAAAAAAAAAAAAAAAAA
   446      1   -22.0882212039   0.000000000255       0.0000  AAACCCCCCCCCAAAAAAGTTTTTA
   447      1   -27.8538135603   0.000000000001       0.0000  AAACCCCCCCCCAGA-GCCGGGGAG
   448      1   -38.5151085881   0.000000000000       0.0000  AAACCCCGCGGGAGAGGAGGAAAGT
   449      1   -23.2310725847   0.000000000081       0.0000  AAAGGAAAAAATGAAAAAGAAAAAG
   450      1   -26.7966320848   0.000000000002       0.0000  AAAGGAGGGGGGAGAGG-CCCCCAA
   451      1    -9.1764068326   0.000103451585       0.2554  AAAGGGAAAAAAAAAAAAAAAAAAA
   452      1   -14.8560443137   0.000000353266       0.0009  AAAGGGAAAAAAAAAAAGAAAAAAG
   453      1   -31.7116548144   0.000000000000       0.0000  AAAGGGGGAGGAGAGGGGCAAAAGG
   454      1   -31.2728994455   0.000000000000       0.0000  AAAGGGGGGGGATGGGGAGGAGTGG
   455      1    -6.7083102478   0.001220725106       3.0140  AAAGGGGGGGGGAAAAAAAAAAAAA
   456      1    -9.9325831171   0.000048566182       0.1199  AAAGGGGGGGGGAAAAAAAAAAAAG
   457      1   -12.3879445953   0.000004168540       0.0103  AAAGGGGGGGGGAAAAAAGAAAAAG
   458      1   -16.8448954898   0.000000048345       0.0001  AAAGGGGGGGGGAAAAGAAAAGAAG
   459      1   -19.1048867997   0.000000005045       0.0000  AAAGGGGGGGGGAAAGGAGAAAGAA
   460      1   -16.6034300327   0.000000061549       0.0002  AAAGGGGGGGGGGGGGCGGGGGGGC
   461      3   -10.5298980668   0.000026725348       0.0660  AAAGGGGGGGGGGGGGGGGGGGGGG
   462      1   -24.6107625444   0.000000000020       0.0000  AAAGGGGGGGGGTAAAAACCCCCAG
   463      1   -27.8759936929   0.000000000001       0.0000  AAATTTTAAAAAAAAAAGGCGGTAT
   464      1   -13.3027807887   0.000001669843       0.0041  AAATTTTTTTTTTTTTTTTTTTTTT
   465      1    -7.1551484064   0.000780833666       1.9279  AACAAAAAAAAAAAAAAAAAAAAAA
   466      1   -16.2601546490   0.000000086757       0.0002  AACCCCCCCCCTCCCCCCCCCCCCA
   467      1   -16.8266167432   0.000000049237       0.0001  AACCCCCCCTCCCCCCCCCCCCCCA
   468      1   -14.9705875822   0.000000315033       0.0008  AACGGGGGGGGGGGGGGGGAGGGGA
   469      1    -4.8401880384   0.007905567362      19.5188  AAG---------------------A
   470      1    -5.9442888087   0.002620765551       6.4707  AAGAAAAAAAAAAAAAA-AAAAAAA
   471      6    -6.0737124760   0.002302608943       5.6851  AAGAAAAAAAAAAAAAAAAAAAAAA
   472      1   -16.3344423644   0.000000080546       0.0002  AAGAAAAAAAAAAAAAAGGAGAGAA
   473      1   -22.0386028642   0.000000000268       0.0000  AAGAAAAAAGGGGGGGGAAAAAGGA
   474      1   -20.8465034314   0.000000000884       0.0000  AAGGGGGGGGGAAAAAGGATAAAAA
   475      1   -16.2649480139   0.000000086342       0.0002  AAGGGGGGGGGGGGG-GTTTTTTGA
   476      1    -9.8054247967   0.000055151600       0.1362  AAGGGGGGGGGGGGGGGGGGGGGGA
   477      1    -9.3964029349   0.000083022165       0.2050  AAGGGGGGGGGGGGGGGGGGGGGGG
   478      1    -7.4269497133   0.000594999666       1.4691  AATAAAAAAAAAAAAAAAAAAAAAA
   479      1   -13.5638295138   0.000001286186       0.0032  AATAAAAAAAAAAAAAAGAAGAAAA
   480      1   -12.4609587607   0.000003875024       0.0096  AATAAAAAAAAAAAAAAGAGAAAAA
   481      1   -13.1252599893   0.000001994215       0.0049  AATAAAAAAAAAAAAAATTAAAAAA
   482      1   -17.5923180438   0.000000022896       0.0001  AATAAAAAAAAAAAAGAGAAAAATA
   483      1   -14.5731012824   0.000000468795       0.0012  AATAAAAAAAAACAAAAAGAAAAAA
   484      1   -28.1075953607   0.000000000001       0.0000  AATGGGGGAAAGGGGGGGGGGAGGG
   485      2    -7.4116017986   0.000604202109       1.4918  ACAAAAAAAAAAAAAAAAAAAAAAA
   486      1   -13.9839905776   0.000000844948       0.0021  ACAAAAAAAAAAAAAAAAAAAAGAT
   487      1   -15.9992835935   0.000000112616       0.0003  ACAAAAAAAAAAATAGAAAAAAAAA
   488      1   -21.2509536470   0.000000000590       0.0000  ACAAAAAAAGAAAAAAGGAAGAAAA
   489      2    -8.8657864795   0.000141136016       0.3485  ACACCCCCCCCCCCCCCCCCCCCCC
   490      1   -17.6996640379   0.000000020565       0.0001  ACCCCCCCCCCCAAACACCCCCCCC
   491      4    -6.8837975407   0.001024247031       2.5289  ACCCCCCCCCCCCCCCCCCCCCCCC
   492      1   -10.5827485158   0.000025349577       0.0626  ACCCCCCCCCCCCCCCCCCCCCCCT
   493      1   -17.1510464716   0.000000035596       0.0001  ACCCCCCCCCCCCCTCCCTCCCCTC
   494      1   -26.4571022077   0.000000000003       0.0000  ACCTTAAAAAAAAAAATAAAAAAAT
   495      1   -10.2303677172   0.000036058508       0.0890  ACGCCCCCCCCCCCCCCCCCCCCC-
   496      1   -16.2684282870   0.000000086042       0.0002  ACGCCCCCCCCCCCCCCCTTCCCCC
   497      1   -14.5543775309   0.000000477655       0.0012  ACTTTTTTTTTTTCTTTTTTTTTTT
   498      1    -5.4411940322   0.004334304880      10.7014  AGA---------------------G
   499      1    -9.0422359829   0.000118306010       0.2921  AGA---------------------T
   500      7    -6.3189065544   0.001801912723       4.4489  AGAAAAAAAAAAAAAAAAAAAAAAA
   501      1    -7.0210306512   0.000892904745       2.2046  AGAAAAAAAAAAAAAAAAAAAAAAG
   502      1   -10.4037689891   0.000030317999       0.0749  AGAAAAAAAAAAAAAAAAAAAAATA
   503      1   -14.1177000688   0.000000739198       0.0018  AGAAAAAAAAAAAAAAAAAATAAGA
   504      1    -9.8353490302   0.000053525679       0.1322  AGAAAAAAAAAAAAAAACAAAAAAA
   505      1   -13.2068329813   0.000001837999       0.0045  AGAAAAAAAAGAAAAAAGAAAAAAA
   506      1   -25.8496807667   0.000000000006       0.0000  AGACCCCCCCCCGGCCCCGGGGGCG
   507      1   -16.8426657986   0.000000048453       0.0001  AGAGGGGCGGGGGGGGGGCGGGGGG
   508      1   -32.4824295119   0.000000000000       0.0000  AGAGGGGGGGGCGGTGGCGGAAGTA
   509      1   -10.4831213435   0.000028005172       0.0691  AGAGGGGGGGGGGGGGGAGGGGGGG
   510      1   -10.5298980668   0.000026725348       0.0660  AGAGGGGGGGGGGGGGGGGGGGGGA
   511      3    -7.5754615820   0.000512883629       1.2663  AGAGGGGGGGGGGGGGGGGGGGGGG
   512      1   -24.7864246308   0.000000000017       0.0000  AGATTTTTTTTTCCTCTTTCTTTTT
   513      1   -10.3792799988   0.000031069622       0.0767  AGCAAAAAAAAAAAAAAAAAAAAAA
   514      1   -13.6295011856   0.000001204434       0.0030  AGCGGGGGGGGGGGGGGGGTGGGGG
   515      1    -9.2954733433   0.000091839016       0.2268  AGGAAAAAAAAAAAAAAAAAAAAAA
   516      1    -9.8172137846   0.000054505236       0.1346  AGGAAAAAAAAAAAAAAAAAAAAAG
   517      1   -11.0050094492   0.000016618244       0.0410  AGGCCCCCCCCCCCCCCGGGGGGGG
   518      1   -23.3456384369   0.000000000073       0.0000  AGGGGGGGGGAGGAGGGGGGGAGGT
   519      1   -16.2587965159   0.000000086875       0.0002  AGGGGGGGGGCGGTGGGGGGGGGGG
   520      1    -5.6978710422   0.003353096465       8.2788  AGGGGGGGGGGGGGGGGGGGGGGG-
   521     19    -5.7459273837   0.003195769473       7.8904  AGGGGGGGGGGGGGGGGGGGGGGGG
   522      1   -17.4058156564   0.000000027590       0.0001  AGGGGGGGGGGGGGGGGGTAGCGGG
   523      1   -12.3140983140   0.000004488023       0.0111  AGGGGGGGGGGGGGGGGTAGGGGGG
   524      1   -19.2892279849   0.000000004196       0.0000  AGGGGGGGGGGGGTTGGGGGGGAGG
   525      1   -15.7953236048   0.000000138095       0.0003  AGGGGGGGGTGGGGGGGGGGGGCGG
   526      1   -13.9289416234   0.000000892766       0.0022  AGGGTGGGGGGGGGGGGGGGGGGGG
   527      1   -10.6510813057   0.000023675228       0.0585  AGTAAAAAAAAAAAAAAAAAAAAAA
   528      1    -9.9336676628   0.000048513538       0.1198  AGTGGGGGGGGGGGGGGGGGGGGGG
   529      3    -7.6834031055   0.000460405422       1.1367  ATAAAAAAAAAAAAAAAAAAAAAAA
   530      1   -14.7907939519   0.000000377085       0.0009  ATAAAAAAAAAAAAAAATTTAAAAA
   531      1   -18.1496348807   0.000000013113       0.0000  ATAAAAAAGAAAAGAAAGAAAAAAA
   532      1   -12.5518644993   0.000003538299       0.0087  ATACCCCCCCCCCCCCCCCCCCCCC
   533      1   -10.3523433637   0.000031917907       0.0788  ATCTTTTTTTTTTTTTTTTTTTTTT
   534      1   -10.7297650505   0.000021883775       0.0540  ATGTTTTTTTTTTTTTTTTTTTTTT
   535      1   -28.1790471393   0.000000000001       0.0000  ATTAAAAAAAAATGTTTGAAAAGAA
   536      1   -31.3910611516   0.000000000000       0.0000  ATTCCTCCCAAAAAAAAAACAAAAC
   537      1   -21.2488505166   0.000000000591       0.0000  ATTGGGGGGCGGGGGGGGAGGGGG-
   538      1   -42.5852912497   0.000000000000       0.0000  ATTTTTTGTTCTCCGCCTGGGGACT
   539      1   -39.9435873992   0.000000000000       0.0000  ATTTTTTTCACTTCTTTACCTTCCT
   540      1   -13.7878501719   0.000001028046       0.0025  ATTTTTTTTTTTTCTTTTCTTTTTT
   541      1    -7.2821257029   0.000687722116       1.6980  ATTTTTTTTTTTTTTTTTTTTTTT-
   542      2    -7.3397823145   0.000649191825       1.6029  ATTTTTTTTTTTTTTTTTTTTTTTT
   543      6    -7.1551484064   0.000780833666       1.9279  CAAAAAAAAAAAAAAAAAAAAAAAA
   544      1   -12.2112334777   0.000004974262       0.0123  CAAAAAAAAAAAAAAAAAAATAAAA
   545      1   -10.8257752491   0.000019880420       0.0491  CAAAAAAAAAAAAAAAAAACAAAAA
   546      1   -11.9239653265   0.000006629605       0.0164  CAACCCCCCCCCCCCCCCCCCCCCA
   547      1   -11.4393300581   0.000010763712       0.0266  CAACCCCCCCCCCCCCCCCCCCCCC
   548      1   -14.5311656867   0.000000488872       0.0012  CAACCCCCCCCCCCCCCCCTCCCCC
   549      1   -21.2391352437   0.000000000597       0.0000  CAAGGGGGGGGGGGGGGCGGGGTGG
   550      1   -13.1873982253   0.000001874070       0.0046  CAAGGGGGGGGGGGGGGGGGGGGGG
   551      1    -7.1363994898   0.000795611553       1.9644  CACCCCCCCCCCCCCCCCCCCCCCC
   552      1   -29.4305766867   0.000000000000       0.0000  CACCCCCCCCCCGGTGCTCCTTACC
   553      1   -17.9353881775   0.000000016247       0.0000  CACCCCCTCTCCCCCCCCCCCCCCA
   554      1   -11.8081528977   0.000007443623       0.0184  CAGCCCCCCCCCCCCCCCCCCCCCA
   555      1   -10.0605246586   0.000042733617       0.1055  CAGGGGGGGGGGGGGGGGGGGGGGG
   556      1   -20.0317792696   0.000000001997       0.0000  CAGGGGGGGGGGGTTGGGGGGGGGG
   557      1   -11.3997474416   0.000011198313       0.0276  CATCCCCCCCCCCCCCCCCCCCCCA
   558      1   -10.7732971289   0.000020951567       0.0517  CATTTTTTTTTTTTTTTTTTTTTTT
   559      1    -2.5149693921   0.080865387291     199.6566  CC-CCCCCCCCCCCCCCCCCCCCCC
   560      1    -5.8590003810   0.002854095265       7.0468  CC-CCCCCCCCCCCCCCGCCCCCCC
   561      1    -9.5254336494   0.000072972080       0.1802  CCA---------------------T
   562      1   -19.8322936670   0.000000002437       0.0000  CCAAAAAAAAAAACAAAAACAAAAA
   563      2    -6.8837975407   0.001024247031       2.5289  CCACCCCCCCCCCCCCCCCCCCCCC
   564      3    -1.5842213545   0.205107436931     506.4103  CCC---------------------C
   565      1   -15.5053851448   0.000000184543       0.0005  CCC------CCT-C--CGGCCCTCC
   566      1   -12.9039145200   0.000002488291       0.0061  CCCAAAAAAAAAAAAAAAAAAAAAA
   567      1   -22.7571625824   0.000000000131       0.0000  CCCAAAAAAAAACCCCCACCCCATT
   568      1   -19.4921194090   0.000000003425       0.0000  CCCCCCCCCATCCCCCCTCCCCCGC
   569      1   -14.8209010514   0.000000365902       0.0009  CCCCCCCCCCCACCTCCCTCCCCCC
   570      1   -23.3147436548   0.000000000075       0.0000  CCCCCCCCCCCCCAACATACCCCCC
   571      1    -7.5074600097   0.000548973707       1.3554  CCCCCCCCCCCCCACCCCCCCCCCC
   572      1   -11.6056598110   0.000009114356       0.0225  CCCCCCCCCCCCCACTCCCCCCCCC
   573      1    -7.5389824863   0.000531938601       1.3134  CCCCCCCCCCCCCCACCCCCCCCCC
   574      1    -2.5447853963   0.078489894395     193.7915  CCCCCCCCCCCCCCC-CCCCCCCCC
   575      1    -6.6761371416   0.001260638246       3.1125  CCCCCCCCCCCCCCC-CCCCCCCCG
   576      1    -7.1774645547   0.000763601460       1.8853  CCCCCCCCCCCCCCCCACCCCCCCC
   577      1   -11.6813035987   0.000008450342       0.0209  CCCCCCCCCCCCCCCCCCACAACCC
   578      1   -15.0691782069   0.000000285456       0.0007  CCCCCCCCCCCCCCCCCCACACCCT
   579      3    -6.3490766475   0.001748360744       4.3167  CCCCCCCCCCCCCCCCCCACCCCCC
   580      1    -6.5006987690   0.001502389003       3.7094  CCCCCCCCCCCCCCCCCCCACCCCC
   581      1    -7.9109302244   0.000366713296       0.9054  CCCCCCCCCCCCCCCCCCCCAACCC
   582      1    -7.0434214419   0.000873134068       2.1558  CCCCCCCCCCCCCCCCCCCCCCACC
   583      1    -6.6405673800   0.001306285873       3.2252  CCCCCCCCCCCCCCCCCCCCCCCAC
   584    129    -2.5785580527   0.075883344959     187.3560  CCCCCCCCCCCCCCCCCCCCCCCCC
   585      1    -5.7549483846   0.003167070076       7.8195  CCCCCCCCCCCCCCCCCCCCCCCT-
   586      1   -10.2524452350   0.000035271149       0.0871  CCCCCCCCCCCCCCCCCCCCCCGGC
   587      2    -6.1897466670   0.002050346108       5.0623  CCCCCCCCCCCCCCCCCCCCCCTCC
   588      1    -9.7602680221   0.000057699155       0.1425  CCCCCCCCCCCCCCCCCCCCTCTCC
   589      2    -7.0029017812   0.000909239719       2.2449  CCCCCCCCCCCCCCCCCCCCTTCCC
   590      2    -6.0742090772   0.002301465748       5.6823  CCCCCCCCCCCCCCCCCCCGCCCCC
   591      2    -5.6703937023   0.003446508111       8.5094  CCCCCCCCCCCCCCCCCCCTCCCCC
   592      1    -5.9225869557   0.002678262660       6.6126  CCCCCCCCCCCCCCCCCCGCCCCCC
   593      3    -5.5211454850   0.004001261930       9.8791  CCCCCCCCCCCCCCCCCCTCCCCCC
   594      1    -9.1321698274   0.000108130705       0.2670  CCCCCCCCCCCCCCCCCCTCCCTCC
   595      2    -9.6735372888   0.000062926871       0.1554  CCCCCCCCCCCCCCCCCCTCCTCCC
   596      1    -8.5620721847   0.000191222634       0.4721  CCCCCCCCCCCCCCCCCCTTCCCCC
   597      1    -7.7379136909   0.000435980216       1.0764  CCCCCCCCCCCCCCCCCGGCCCCCC
   598      1    -8.7066809257   0.000165476573       0.4086  CCCCCCCCCCCCCCCCCGTCCCCCC
   599      2    -5.5211474493   0.004001254071       9.8791  CCCCCCCCCCCCCCCCCTCCCCCCC
   600      1    -9.1066477907   0.000110925940       0.2739  CCCCCCCCCCCCCCCCCTCCCCCG-
   601      1    -8.7475258895   0.000158853861       0.3922  CCCCCCCCCCCCCCCCCTCCCCCTC
   602      1    -9.6735392531   0.000062926747       0.1554  CCCCCCCCCCCCCCCCCTCCCTCCC
   603      1   -15.7950269038   0.000000138136       0.0003  CCCCCCCCCCCCCCCCCTGCCTTCC
   604      1    -6.2755103697   0.001881830380       4.6462  CCCCCCCCCCCCCCCCTCCCCCCC-
   605      1    -6.3255283680   0.001790020211       4.4196  CCCCCCCCCCCCCCCCTCCCCCCCC
   606      1    -9.2681177638   0.000094386004       0.2330  CCCCCCCCCCCCCCCCTTCCCCCCC
   607      1    -6.6768422617   0.001259749658       3.1103  CCCCCCCCCCCCCCCTCCCCCCCCC
   608      1   -10.0208711647   0.000044462200       0.1098  CCCCCCCCCCCCCCCTCCGCCCCCC
   609      2    -7.1124927945   0.000814861177       2.0119  CCCCCCCCCCCCCCGCCCCCCCCCC
   610      1   -11.2844631948   0.000012566661       0.0310  CCCCCCCCCCCCCCGCGCCCCCCCC
   611      1    -6.6768422617   0.001259749658       3.1103  CCCCCCCCCCCCCCTCCCCCCCCCC
   612      1   -11.2712907574   0.000012733290       0.0314  CCCCCCCCCCCCCCTCCCCCCGCCC
   613      1    -7.0809703179   0.000840956757       2.0763  CCCCCCCCCCCCCGCCCCCCCCCCC
   614      1   -15.3315751866   0.000000219574       0.0005  CCCCCCCCCCCCCGCTCCCCTCCCC
   615      1   -11.5012588895   0.000010117349       0.0250  CCCCCCCCCCCCCTCAC-CCCCCCC
   616      1   -16.7828764040   0.000000051439       0.0001  CCCCCCCCCCCCCTCCCGGGCCGCC
   617      1   -13.7412163153   0.000001077124       0.0027  CCCCCCCCCCCCCTCCCTCCTCCCC
   618      1   -11.8280040675   0.000007297315       0.0180  CCCCCCCCCCCCGGGGGCCCCCCGC
   619      1    -6.6462351149   0.001298903133       3.2070  CCCCCCCCCCCCTCCCCCCCCCCCC
   620      1   -22.7915734416   0.000000000126       0.0000  CCCCCCCCCCCCTCTCCCCGTTCCG
   621      2    -6.9147491440   0.000993030535       2.4518  CCCCCCCCCCCTCCCCCCCCCCCCC
   622      1   -23.2339266620   0.000000000081       0.0000  CCCCCCCCCCTTTCCCTCCCCCTCC
   623      1    -7.9240600022   0.000361929903       0.8936  CCCCCCCCCGCCCCCCCCCCCCCCC
   624      1   -16.0213000410   0.000000110164       0.0003  CCCCCCCCCTCCCACCCCCCCCTCC
   625      1   -10.8252404585   0.000019891054       0.0491  CCCCCCCCCTCCCCCCCGCCCCCCC
   626      1    -7.6625771029   0.000470094367       1.1607  CCCCCCCTCCCCCCCCCCCCCCCCC
   627      1   -11.0066080918   0.000016591698       0.0410  CCCCCCCTCCCCCCCCCGCCCCCCC
   628      1   -13.4453242297   0.000001448004       0.0036  CCCCCGCCCCCCCCCCCCCCCGCCC
   629      1   -17.9839307111   0.000000015477       0.0000  CCCGGGGCCCCCCCCGCCCCCCCCG
   630      1   -14.2072049356   0.000000675911       0.0017  CCCGGGGGGGGGCCCCCCTCCCCCG
   631      1   -19.0657375129   0.000000005246       0.0000  CCCGGGGGGGGGCCCGGCGCCCCCC
   632      1    -8.4926153241   0.000204976479       0.5061  CCCGGGGGGGGGGGGGG-GGGGGGC
   633      1   -14.9150943666   0.000000333010       0.0008  CCCGGGGGGGGGGGGGGAGGGGGGG
   634      1    -8.5929273303   0.000185412529       0.4578  CCCGGGGGGGGGGGGGGGGGGGGGC
   635      1   -12.0074294168   0.000006098734       0.0151  CCCGGGGGGGGGGGGGGGGGGGGGG
   636      1   -26.6918995713   0.000000000003       0.0000  CCCTTCTTCTTTCCCCCTTTCCCCT
   637      1   -21.3532216545   0.000000000533       0.0000  CCCTTTTCTTTCCCCCCTTCCCCCT
   638      1   -14.8272777774   0.000000363576       0.0009  CCCTTTTTTTTCCCCCCTCCCCCCT
   639      1   -10.4224160561   0.000029757896       0.0735  CCCTTTTTTTTTCCCCCCCCCCCCT
   640      1   -13.5142500263   0.000001351561       0.0033  CCCTTTTTTTTTCCCCCCCTCCCCT
   641      1   -17.8304380189   0.000000018044       0.0000  CCCTTTTTTTTTTCTTCCCCCCTCC
   642      1   -14.8024526625   0.000000372715       0.0009  CCCTTTTTTTTTTTTCTTTTTTTTT
   643      1   -20.1939626216   0.000000001698       0.0000  CCCTTTTTTTTTTTTTTTACCCCTT
   644      1    -6.4235351925   0.001622908787       4.0070  CCGCCCCCCCCCCCC-CCCCCCCCC
   645      1   -15.2989848594   0.000000226848       0.0006  CCGCCCCCCCCCCCCCCCCAAAACC
   646      1    -9.3998952806   0.000082732729       0.2043  CCGCCCCCCCCCCCCCCCTCCCCCC
   647      1   -10.7934989387   0.000020532554       0.0507  CCGCCCCCCCCTCCCCCCCCCCCCC
   648      1   -10.7274521271   0.000021934449       0.0542  CCGGGGGGGGGGGGGGGGGGGGGGG
   649      1   -21.0827344721   0.000000000698       0.0000  CCGGGGGGGGGGGGTTGGGGAGGGG
   650      3    -5.0275230790   0.006555026763      16.1844  CCT---------------------C
   651      1   -16.8021655490   0.000000050456       0.0001  CCTCCCCCCCCCAACACCCCCCCCC
   652      1   -15.9247682193   0.000000121328       0.0003  CCTCCCCCCCCCACACCCCCCCCCC
   653      1   -18.2945243610   0.000000011345       0.0000  CCTCCCCCCCCCCACCCCCCCCCGT
   654      1   -13.1100081842   0.000002024864       0.0050  CCTCCCCCCCCCCCC-CCCGCCTCC
   655      1    -9.8074926604   0.000055037672       0.1359  CCTCCCCCCCCCCCCCCACCCCCCC
   656     11    -6.0369719806   0.002388781249       5.8979  CCTCCCCCCCCCCCCCCCCCCCCCC
   657      2    -9.2633549469   0.000094836619       0.2342  CCTCCCCCCCCCCCCCCCCCCCCTC
   658      1   -10.1893770466   0.000037567282       0.0928  CCTCCCCCCCCCCCCCCCCCTCCCC
   659      1   -20.4687514122   0.000000001290       0.0000  CCTCCCCCCCCCCCCCCGCACTTCC
   660      1   -12.7265316236   0.000002971239       0.0073  CCTCCCCCCCCCCCCCTTCCCCCCC
   661      1   -18.6834841705   0.000000007689       0.0000  CCTCCCCCCCCCGCGCCCCCCCTCC
   662      1   -17.1935573680   0.000000034114       0.0001  CCTCCCCCCCCCTCCCTCGCCCCCC
   663      1   -13.8668487820   0.000000949957       0.0023  CCTCCCCCTCCCCCCCCTCCCCCCC
   664      1   -18.8392364515   0.000000006580       0.0000  CCTCCCTCCCCCCCCCCTCCTTCCC
   665      1   -32.8312905421   0.000000000000       0.0000  CCTCCGGCCCCCTCCCCTTTTCTTC
   666      1   -27.0509739855   0.000000000002       0.0000  CCTGGGGGGGGGCACCCGCCCGTCC
   667      1   -14.3925860856   0.000000561538       0.0014  CGAGGGGGGGGGGGCGGGGGGGGGG
   668      2    -9.6618663560   0.000063665588       0.1572  CGAGGGGGGGGGGGGGGGGGGGGGG
   669      1   -11.3088162999   0.000012264320       0.0303  CGCCCCCCCCCCCCCCACCCCCCCC
   670      4    -6.7099097980   0.001218774055       3.0092  CGCCCCCCCCCCCCCCCCCCCCCCC
   671      1    -7.4836408347   0.000562206783       1.3881  CGCCCCCCCCCCCCCCCCCCCCCCG
   672      2    -9.8017454467   0.000055354896       0.1367  CGCCCCCCCCCCCCCCCCCTCCCCC
   673      1   -28.7393750259   0.000000000000       0.0000  CGCCCCCCCCCCCTCCCACTTTATG
   674      2    -9.3097647976   0.000090535837       0.2235  CGGGGGGGGGGGGGGGGAGGGGGGG
   675      1   -10.7274521271   0.000021934449       0.0542  CGGGGGGGGGGGGGGGGGGGGGGGC
   676      3    -6.4020983993   0.001658074318       4.0938  CGGGGGGGGGGGGGGGGGGGGGGGG
   677      1   -40.3631329135   0.000000000000       0.0000  CGGTTTTTTGTTAGTCCGGGGGGTT
   678      1   -10.5827485158   0.000025349577       0.0626  CTACCCCCCCCCCCCCCCCCCCCCC
   679      1   -21.4828098604   0.000000000468       0.0000  CTACCCCCCCCCCCCCCCTACCGCC
   680      2    -5.6742006173   0.003433412490       8.4771  CTC---------------------T
   681      1   -16.9753188899   0.000000042434       0.0001  CTCCCCCCCCCCAACCCCCCCCTCT
   682      6    -6.2777223228   0.001877672459       4.6360  CTCCCCCCCCCCCCCCCCCCCCCCC
   683      1    -7.0473608752   0.000869701181       2.1473  CTCCCCCCCCCCCCCCCCCCCCCCT
   684      1   -10.6828496447   0.000022934926       0.0566  CTCCCCCCCCCCCCCCCCCCCCCGT
   685      1    -9.8889109288   0.000050734169       0.1253  CTCCCCCCCCCCCCCCCCCCCCTCC
   686      1   -10.9368663288   0.000017790137       0.0439  CTCCCCCCCCCCCCCCCTTCCCCCC
   687      1   -11.1150379345   0.000014886766       0.0368  CTCCCCCCCCCCCTCCCCCCCCCCT
   688      1   -16.8361536719   0.000000048770       0.0001  CTCCCCCCTTCCCCCCCCCCCCCCT
   689      1   -29.2970916457   0.000000000000       0.0000  CTCCCCGCTTTTTTTTTTTCTTCTC
   690      1    -7.9677340362   0.000346463170       0.8554  CTCTTTTTTTTTTTTTTTTTTTTTT
   691      1   -13.2515866953   0.000001757555       0.0043  CTTCCCCCCCCCCCC-CCCCCCCCG
   692      1   -10.1695211607   0.000038320668       0.0946  CTTCCCCCCCCCCCCCCCCCCCCCT
   693      1   -13.8825914885   0.000000935120       0.0023  CTTCCCCCCCCCCCCCCCCCTCCCC
   694      2   -14.6328379615   0.000000441610       0.0011  CTTCCCCCCCTCCCCCCCCCCCCCC
   695      2    -8.8781002984   0.000139408749       0.3442  CTTTTTTTTTTTTTTTTTCTTTTTT
   696      1    -9.7032754557   0.000061083092       0.1508  CTTTTTTTTTTTTTTTTTTGTTTTT
   697      1    -9.8449044954   0.000053016653       0.1309  CTTTTTTTTTTTTTTTTTTTTTTGT
   698      5    -6.2218523493   0.001985563851       4.9024  CTTTTTTTTTTTTTTTTTTTTTTTT
   699      7    -6.0737124760   0.002302608943       5.6851  GAAAAAAAAAAAAAAAAAAAAAAAA
   700      1    -9.5901528158   0.000068398968       0.1689  GAAAAAAAAAAAAAAAAACAAAAAA
   701      1   -15.7894347809   0.000000138911       0.0003  GAAAAAAAAAAAAAAAAACCCCCAA
   702      1   -14.7881759985   0.000000378074       0.0009  GAAAAAAAAAAAAAAAAGAGAGAAA
   703      1   -12.4106099269   0.000004075122       0.0101  GAAAAAAAAAAAAGAAAAAAAAAGA
   704      1   -12.9616389010   0.000002348723       0.0058  GAAAAAAAAAGAAAAAAGAAAAAAA
   705      1   -14.6506057731   0.000000433833       0.0011  GAACCCCCCCCCCCCCCCCCCCCCC
   706      1   -25.9000029798   0.000000000006       0.0000  GAAGGGGGGGAGAGAAGGAGGGGGG
   707      1   -14.6571620752   0.000000430998       0.0011  GAAGGGGGGGGGGGAAGGGGGGGGG
   708      1   -19.8627456478   0.000000002364       0.0000  GAAGGGGGGGGGGGGGAGGGGGAAG
   709      1    -7.9970882361   0.000336440839       0.8307  GAAGGGGGGGGGGGGGG--------
   710      1   -13.2803737295   0.000001707682       0.0042  GAAGGGGGGGGGGGGGGAAAAAAAG
   711      1   -14.0229662930   0.000000812649       0.0020  GAAGGGGGGGGGGGGGGAAGGGGGG
   712      1    -9.8054247967   0.000055151600       0.1362  GAAGGGGGGGGGGGGGGGGGGGGGA
   713      1   -32.9341881472   0.000000000000       0.0000  GAAGGGGGTAGGGTTGGGAGGGGGG
   714      1   -10.0605246586   0.000042733617       0.1055  GACGGGGGGGGGGGGGGGGGGGGGG
   715      1    -5.4225559104   0.004415845706      10.9027  GAG---------------------A
   716      1    -5.0266365593   0.006560840500      16.1987  GAG---------------------G
   717      1    -7.7594631058   0.000426685604       1.0535  GAGAAAAAAAAAAAAAAAAAAAAAA
   718      1   -16.0733818783   0.000000104573       0.0003  GAGCCCCCCCCCCCCCGGGGGGGGA
   719      1   -36.9250613474   0.000000000000       0.0000  GAGCCCCCCCCCGCGCGCGCCGTCA
   720      1   -36.7561031853   0.000000000000       0.0000  GAGCCCCCGCCCGGCGGTGTGGTCG
   721      1   -24.3676865289   0.000000000026       0.0000  GAGCCCCGGGGGCCCCCCCCCCCCC
   722      1   -14.7712149843   0.000000384541       0.0009  GAGGGGGGGGGCGGGGGGTGGGGGG
   723      1   -10.0420743775   0.000043529383       0.1075  GAGGGGGGGGGGGGAGGGGGGGGGG
   724      1   -11.6076125765   0.000009096575       0.0225  GAGGGGGGGGGGGGGGGAAAAAAGG
   725      1    -8.8914641567   0.000137558104       0.3396  GAGGGGGGGGGGGGGGGAGGGGGGG
   726      1    -5.5811385565   0.003768272684       9.3039  GAGGGGGGGGGGGGGGGGGGGGGG-
   727      4    -6.7630769454   0.001155667771       2.8533  GAGGGGGGGGGGGGGGGGGGGGGGA
   728      6    -5.9837977818   0.002519240576       6.2200  GAGGGGGGGGGGGGGGGGGGGGGGG
   729      1    -9.7997137340   0.000055467476       0.1369  GAGGGGGGGGGGGGGGGTGGGGGGG
   730      1   -10.6259792460   0.000024277046       0.0599  GAGGGGGGGGGGGGGGTGGGGGGGG
   731      1   -17.8190041426   0.000000018252       0.0000  GAGGGGGGGGGGTATTTGGGGGGGA
   732      1   -28.6583908336   0.000000000000       0.0000  GAGGGGGGGGTCGGTGGGGCGGGAG
   733      1   -18.0937286800   0.000000013867       0.0000  GAGGGGGGGGTGGGGGGCAGGGGGG
   734      1   -32.5099020385   0.000000000000       0.0000  GAGTTGG-GGGTGGGGAAT-GGGGT
   735      1   -10.3323259655   0.000032563258       0.0804  GATGGGGGGGGGGGGGGGGGGGGGG
   736      1   -24.3037457009   0.000000000028       0.0000  GCCCCCCCCCCCCAAACCCCCTTCC
   737      3    -6.4573078489   0.001569014053       3.8739  GCCCCCCCCCCCCCCCCCCCCCCCC
   738      1   -19.8786633484   0.000000002327       0.0000  GCCCCCCCCCCCGGCCGCCCCCCG-
   739      1   -13.6351165723   0.000001197689       0.0030  GCCGGGGGGGGGGGGGGGAGGGGGG
   740      1   -10.7274521271   0.000021934449       0.0542  GCCGGGGGGGGGGGGGGGGGGGGGG
   741      1   -16.3793794576   0.000000077006       0.0002  GCGCCCCCCCCCCACCCCCTCCCCC
   742      2    -8.3586419292   0.000234362398       0.5786  GCGCCCCCCCCCCCCCCCCCCCCCC
   743      1   -24.8544345472   0.000000000016       0.0000  GCGCCCCCGGGGGGGGGAGCGGAGC
   744      1   -16.9405822158   0.000000043934       0.0001  GCGGGGGGGGGGGGGGGGCAAAAGG
   745      1    -9.8454538479   0.000052987536       0.1308  GCGGGGGGGGGGGGGGGGGGGGGGA
   746      1   -15.5079916580   0.000000184062       0.0005  GCTCCCCCACCCCCCCCCCCCCCCC
   747      1    -5.8084941097   0.003001947274       7.4118  GG-GGGGGGGGGGGGGGCGGGGGGG
   748      1    -9.2954733433   0.000091839016       0.2268  GGAAAAAAAAAAAAAAAAAAAAAAA
   749      1    -9.8172137846   0.000054505236       0.1346  GGAAAAAAAAAAAAAAAAAAAAAAG
   750      1   -14.6486023840   0.000000434703       0.0011  GGAAAAAAAAAAAAAAACCAAAAAA
   751      1   -18.5510669348   0.000000008778       0.0000  GGAAAAAAAAAAAAAAAGAGAACAA
   752      1   -18.6641868226   0.000000007839       0.0000  GGAAAAAAAAAAAAAAAGGGGGTAA
   753      1   -22.6938817770   0.000000000139       0.0000  GGACCCCCCCCCGCGGGGGGGGGCA
   754      1   -29.9925744618   0.000000000000       0.0000  GGACCCCCCCCCGGTTGGGTTTTGC
   755      1   -11.2710280502   0.000012736635       0.0314  GGAGGGGGCGGGGGGGGGGGGGGGG
   756      1   -18.1775104551   0.000000012753       0.0000  GGAGGGGGGAAAGGGGGGGAGGGGG
   757      1   -14.5700180372   0.000000470242       0.0012  GGAGGGGGGGGGAAGAGGGGGGGGG
   758      2   -10.1163075395   0.000040415081       0.0998  GGAGGGGGGGGGGGGGCGGGGGGGG
   759      1    -5.6456163319   0.003532970248       8.7229  GGAGGGGGGGGGGGGGG-GGGGGGG
   760      1   -16.8505204898   0.000000048074       0.0001  GGAGGGGGGGGGGGGGGAGGCAGGG
   761      1    -8.6535937299   0.000174498619       0.4308  GGAGGGGGGGGGGGGGGAGGGGGGG
   762      1    -9.2900399562   0.000092339371       0.2280  GGAGGGGGGGGGGGGGGGCGGGGGG
   763      1    -9.3179733734   0.000089795708       0.2217  GGAGGGGGGGGGGGGGGGGGGGAGG
   764      1    -9.3964029349   0.000083022165       0.2050  GGAGGGGGGGGGGGGGGGGGGGGGA
   765     13    -5.7459273837   0.003195769473       7.8904  GGAGGGGGGGGGGGGGGGGGGGGGG
   766      1   -13.1338714348   0.000001977116       0.0049  GGAGGGGGGGGGGGGGGGTGGGAGG
   767      1   -11.7408206991   0.000007962077       0.0197  GGAGGGGTGGGGGGGGGGGGGGGGG
   768      1   -14.8679495025   0.000000349085       0.0009  GGATTTTTTTTTGGGGGGGGAAAGG
   769      1   -16.0179187118   0.000000110537       0.0003  GGCGGGGGGGGGGGGGAAGAGGGGG
   770      1    -9.3097647976   0.000090535837       0.2235  GGCGGGGGGGGGGGGGGAGGGGGGG
   771      1   -10.0979320737   0.000041164593       0.1016  GGCGGGGGGGGGGGGGGGGCGGGGG
   772      1   -10.0605246586   0.000042733617       0.1055  GGCGGGGGGGGGGGGGGGGGGGGGA
   773      4    -6.4020983993   0.001658074318       4.0938  GGCGGGGGGGGGGGGGGGGGGGGGG
   774      4    -1.3765415556   0.252450129780     623.2994  GGG---------------------G
   775      1   -10.6339076074   0.000024085330       0.0595  GGGAAAAAAAAAAAAAAAAAAAAAA
   776      1   -10.6491444139   0.000023721128       0.0586  GGGAAAAAAAAAAAAAAGGGGGGGA
   777      1   -18.1074598586   0.000000013678       0.0000  GGGAAAAAAAAAGGAAAAAGAAAAA
   778      1   -15.0583905417   0.000000288552       0.0007  GGGAAAAAAGGGGGGGGAGGGGGGA
   779      1   -22.4915512375   0.000000000171       0.0000  GGGAAGGCGGGGGGGCGGGGGGGGA
   780      1   -37.0098303121   0.000000000000       0.0000  GGGAAGGGGGGACCGCCAGCGGACG
   781      1   -19.4864109227   0.000000003445       0.0000  GGGCCCCCCCCCAAAAAGGTGGGGC
   782      1    -8.5196263477   0.000199513960       0.4926  GGGCCCCCCCCCCCCCC-CCCCCCG
   783      1    -8.6249444379   0.000179570182       0.4434  GGGCCCCCCCCCCCCCCCCCCCCCG
   784      1   -15.9185861295   0.000000122080       0.0003  GGGCCCCCCCCCCCCCCGCGCGGGG
   785      1   -16.1064828663   0.000000101168       0.0002  GGGCCCCCCCCCCCTCCCCCCCCCC
   786      1   -16.1594618939   0.000000095948       0.0002  GGGCCCCGCCCCGGGGGCGGGGGGG
   787      1   -18.4065470388   0.000000010142       0.0000  GGGCCCCGCGGCGGGGGGGGGGGGG
   788      1   -14.6176849512   0.000000448353       0.0011  GGGCGGGGGGGGGGGGGGGGAAGGG
   789      1   -13.3651438609   0.000001568887       0.0039  GGGGAGGGGGGGGGGGGTGGGGGGG
   790      1   -23.9199939069   0.000000000041       0.0000  GGGGGCGGCGGCGGGCG-GGGGGGG
   791      1   -10.6282313742   0.000024222433       0.0598  GGGGGGAGGGGGGGGGGAGGGGGGG
   792      2    -2.2260592720   0.107953006450     266.5360  GGGGGGG-GGGGGGGGGGG-GGGGG
   793      1   -25.5070381235   0.000000000008       0.0000  GGGGGGGCGCCGCCGGGAAGGGGGG
   794      1   -13.0788408740   0.000002088967       0.0052  GGGGGGGGAGGGGGGGGAGAGGGGG
   795      1   -24.6673576898   0.000000000019       0.0000  GGGGGGGGCGGGGTAAGGACGGGGG
   796      1   -13.7871302333   0.000001028787       0.0025  GGGGGGGGGAGGGGGGGGACGGGGG
   797      1   -10.7744882023   0.000020926627       0.0517  GGGGGGGGGCGGGGGGGGAGGGGGG
   798      1    -7.8668237424   0.000383249731       0.9462  GGGGGGGGGCGGGGGGGGGGGGGGG
   799      3    -7.1870480526   0.000756318441       1.8674  GGGGGGGGGGAGGGGGGGGGGGGGG
   800      1   -20.9537497144   0.000000000794       0.0000  GGGGGGGGGGCGGCCGGGGGGGGGA
   801      1   -14.4349201692   0.000000538262       0.0013  GGGGGGGGGGGAAAAAAGGGGGGAG
   802      1   -13.3868728743   0.000001535165       0.0038  GGGGGGGGGGGAGGGGAGGAGGGGG
   803      1    -9.5285169436   0.000072747433       0.1796  GGGGGGGGGGGAGGGGGAGGGGGGG
   804      1   -15.0764767235   0.000000283380       0.0007  GGGGGGGGGGGCGGGGGGCGGGCGG
   805      1   -11.4035251067   0.000011156089       0.0275  GGGGGGGGGGGCGGGGGGGGGGGTG
   806      1   -20.0789977527   0.000000001905       0.0000  GGGGGGGGGGGCGGTGGGCGGGCGG
   807      1    -7.4889222047   0.000559245388       1.3808  GGGGGGGGGGGGAAAAAGGGGGGGG
   808      1   -11.1491591743   0.000014387379       0.0355  GGGGGGGGGGGGAAGAGGGGGGGGG
   809      1    -6.3529546106   0.001741593795       4.3000  GGGGGGGGGGGGAGGGGGGGGGGGG
   810      1   -14.5788708563   0.000000466098       0.0012  GGGGGGGGGGGGAGGGGTTTTTTTG
   811      1   -14.8827532612   0.000000343956       0.0008  GGGGGGGGGGGGCGGGG-GGAATGG
   812      1   -10.4053507689   0.000030270081       0.0747  GGGGGGGGGGGGGAGAGGGGGGGGG
   813      1    -6.3529546106   0.001741593795       4.3000  GGGGGGGGGGGGGAGGGGGGGGGGG
   814      2    -7.0243722261   0.000889926017       2.1972  GGGGGGGGGGGGGCGGGGGGGGGGG
   815      1    -7.5858260530   0.000507595314       1.2533  GGGGGGGGGGGGGGAAGGGGGGGGG
   816      1    -9.4407903749   0.000079417614       0.1961  GGGGGGGGGGGGGGAGGGGAGGGGG
   817      1    -6.3833406674   0.001689469563       4.1713  GGGGGGGGGGGGGGAGGGGGGGGGG
   818      1   -10.4935159166   0.000027715578       0.0684  GGGGGGGGGGGGGGGAGGGGGAGGG
   819      1   -10.2184971004   0.000036489095       0.0901  GGGGGGGGGGGGGGGAGGGGGGGCG
   820      1    -6.3833406674   0.001689469563       4.1713  GGGGGGGGGGGGGGGAGGGGGGGGG
   821      1   -15.5987749582   0.000000168089       0.0004  GGGGGGGGGGGGGGGGATCTGGGGG
   822      1    -9.6031106303   0.000067518385       0.1667  GGGGGGGGGGGGGGGGCAGGGGGGG
   823      1   -10.8024019403   0.000020350564       0.0502  GGGGGGGGGGGGGGGGCGGGGGGTG
   824      1    -2.2247530226   0.108094112140     266.8844  GGGGGGGGGGGGGGGGG-GGGGGGG
   825      1    -7.9509914951   0.000352312675       0.8699  GGGGGGGGGGGGGGGGGAAAAAAGG
   826      1   -10.9340820920   0.000017839738       0.0440  GGGGGGGGGGGGGGGGGAAAAAGGG
   827      1   -10.0750461964   0.000042117543       0.1040  GGGGGGGGGGGGGGGGGAAGAAAGG
   828      1   -13.4181766319   0.000001487853       0.0037  GGGGGGGGGGGGGGGGGAAGAGAGG
   829      5    -5.2327304717   0.005338927592      13.1818  GGGGGGGGGGGGGGGGGAGGGGGGG
   830      1    -9.7403569066   0.000058859524       0.1453  GGGGGGGGGGGGGGGGGAGGGGTGG
   831      1   -11.1907976280   0.000013800612       0.0341  GGGGGGGGGGGGGGGGGCAAGGGGG
   832      1    -8.5323577317   0.000196989972       0.4864  GGGGGGGGGGGGGGGGGCCCCCCGG
   833      2    -7.7381060903   0.000435896342       1.0762  GGGGGGGGGGGGGGGGGCCGGGGGG
   834      1    -5.8691787183   0.002825192661       6.9754  GGGGGGGGGGGGGGGGGCGGGGGGG
   835      4    -5.2327285314   0.005338937951      13.1818  GGGGGGGGGGGGGGGGGGAGGGGGG
   836      1    -5.8691766470   0.002825198512       6.9754  GGGGGGGGGGGGGGGGGGCGGGGGG
   837      1   -10.1728161482   0.000038194610       0.0943  GGGGGGGGGGGGGGGGGGGAGCGGG
   838      3    -5.3825137791   0.004596253430      11.3481  GGGGGGGGGGGGGGGGGGGAGGGGG
   839      1    -9.8901146034   0.000050673138       0.1251  GGGGGGGGGGGGGGGGGGGAGGTGG
   840      1   -10.4446174551   0.000029104509       0.0719  GGGGGGGGGGGGGGGGGGGAGTGGG
   841      1    -6.0208977494   0.002427489339       5.9935  GGGGGGGGGGGGGGGGGGGCGGGGG
   842      1    -6.4352393208   0.001604024780       3.9603  GGGGGGGGGGGGGGGGGGGGAGGGG
   843      2    -7.1153687846   0.000812521011       2.0061  GGGGGGGGGGGGGGGGGGGGCGGGG
   844      1    -6.4352393208   0.001604024780       3.9603  GGGGGGGGGGGGGGGGGGGGGAGGG
   845      1    -9.5558437980   0.000070786391       0.1748  GGGGGGGGGGGGGGGGGGGGGGAGA
   846      1    -5.5163361358   0.004020551745       9.9267  GGGGGGGGGGGGGGGGGGGGGGGAG
   847      5    -5.9837977818   0.002519240576       6.2200  GGGGGGGGGGGGGGGGGGGGGGGGA
   848    185    -2.3250640716   0.097777179114     241.4119  GGGGGGGGGGGGGGGGGGGGGGGGG
   849      1    -7.3871700915   0.000619145602       1.5287  GGGGGGGGGGGGGGGGGGGGTGGGG
   850      1    -6.2926990562   0.001849760595       4.5671  GGGGGGGGGGGGGGGGGGGTGGGGG
   851      1    -6.1409779539   0.002152817232       5.3153  GGGGGGGGGGGGGGGGGGTGGGGGG
   852      1   -10.2057447250   0.000036957398       0.0912  GGGGGGGGGGGGGGGGGTGGAAAGG
   853      1    -6.1409800251   0.002152812773       5.3153  GGGGGGGGGGGGGGGGGTGGGGGGG
   854      1    -6.9672455372   0.000942244713       2.3264  GGGGGGGGGGGGGGGGTGGGGGGGG
   855      1    -7.3275851082   0.000657158640       1.6225  GGGGGGGGGGGGGGTGGGGGGGGGG
   856      1   -10.2038399331   0.000037027861       0.0914  GGGGGGGGGGGGGTGGGAGGGGGGG
   857      1   -10.2038379928   0.000037027933       0.0914  GGGGGGGGGGGGGTGGGGAGGGGGG
   858      1   -36.1644815984   0.000000000000       0.0000  GGGGGGGTTTGGGGGTAAGGTTTGG
   859      1   -24.2349141918   0.000000000030       0.0000  GGGGGTGGTGGGGGGTCGGGGGGGG
   860      1   -37.2945621199   0.000000000000       0.0000  GGGTTTATTTTTAAATTGGAAAAAT
   861      1   -20.9131928873   0.000000000827       0.0000  GGGTTTTTTTTTTTTTCCCCCCCCT
   862      1   -13.8980635419   0.000000920763       0.0023  GGTGAGGGGGGGGGGGGGGGGGGGG
   863      1   -16.8625231690   0.000000047501       0.0001  GGTGGGGGGGGGGGGGAAGGGGAGG
   864      1   -20.4534186045   0.000000001310       0.0000  GGTGGGGGGGGGGGGGGCTCAAGGG
   865      1    -9.5815641641   0.000068988953       0.1703  GGTGGGGGGGGGGGGGGGAGGGGGG
   866      3    -6.6738997062   0.001263462001       3.1195  GGTGGGGGGGGGGGGGGGGGGGGGG
   867      1   -27.8421647851   0.000000000001       0.0000  GGTTTTTGGCGGGGGGGGTGGGGGT
   868      1   -22.4074165838   0.000000000186       0.0000  GTAAAAAAAAAAAGGGGGGGGGGAT
   869      1   -24.1793773908   0.000000000032       0.0000  GTACCCGGGGGGCCCCCGGGGGGGT
   870      1   -16.4211713804   0.000000073854       0.0002  GTAGGGGGGAAGGGGGGGGGGGGGG
   871      1   -11.1477178785   0.000014408131       0.0356  GTAGGGGGGGGGGGGGGGGGGGGGT
   872      1    -8.4117398922   0.000222242842       0.5487  GTC---------------------T
   873      1   -14.2566128934   0.000000643327       0.0016  GTCCCCCCCCCCCCCCCCGCCCCCT
   874      1   -18.7590251582   0.000000007129       0.0000  GTCCCCCCCCCCCGCCCCGCCCCCT
   875      1   -15.3785771794   0.000000209493       0.0005  GTG------GGG-G--AGGGAGGGT
   876      1   -12.3289200338   0.000004421993       0.0109  GTGAAAAAAAAAAAAAAAAAAAAAA
   877      1   -19.9325078767   0.000000002205       0.0000  GTGCCCCCCCCGGGGGGGCGGGGGC
   878      1   -24.2637112041   0.000000000029       0.0000  GTGCCCCCCTTTTTTTTTCGTTTTC
   879      1   -12.8316313864   0.000002674812       0.0066  GTGGGGGGGGGGGGGGGAGAGGGGG
   880      1   -14.7049062699   0.000000410904       0.0010  GTGGGGGGGGGGGGGGGGCGGGCGG
   881      1   -11.0351721893   0.000016124476       0.0398  GTGGGGGGGGGGGGGGGGGGGAGGG
   882      1    -6.9249969401   0.000982906126       2.4268  GTGGGGGGGGGGGGGGGGGGGGGGG
   883      1   -25.5362576761   0.000000000008       0.0000  GTTCCCCCCCTCCCCCCTCCTTGTT
   884      1   -21.2043703252   0.000000000618       0.0000  GTTGGGGAAAAAGGGGGGGGGGGGG
   885      1   -14.1779348710   0.000000695987       0.0017  GTTGGGGGGGGGGGGGGGAGGGGGG
   886      1   -31.4016190201   0.000000000000       0.0000  GTTGGGGGGTTTCTGGGGGGGGGGG
   887      1   -12.5842763077   0.000003425455       0.0085  GTTTTTTTTTTTTTTTTCCCTTTTT
   888      4    -6.9132926227   0.000994477959       2.4554  GTTTTTTTTTTTTTTTTTTTTTTTT
   889      1    -6.2001057521   0.002029216031       5.0101  TAA---------------------A
   890      3    -7.4269497133   0.000594999666       1.4691  TAAAAAAAAAAAAAAAAAAAAAAAA
   891      1    -9.8823132672   0.000051070003       0.1261  TAAAAAAAAAAAAAAAAGAAAAAAA
   892      1   -28.3818771411   0.000000000000       0.0000  TAAAAAAAAGGAGAGGGGAGGGGGA
   893      1   -37.9363333365   0.000000000000       0.0000  TAACCCCCCGGCAAACGACAATAG-
   894      2   -12.1864957983   0.000005098849       0.0126  TAAGGGGGGGGGGGGGGGGGGGGGA
   895      1   -12.4276794747   0.000004006152       0.0099  TAATTTTTTTTTTTTTTTTTTTTTA
   896      2   -10.5946254529   0.000025050283       0.0618  TACCCCCCCCCCCCCCCCCCCCCCC
   897      1   -15.4381210912   0.000000197383       0.0005  TACCCCCCCCCCCCCCCCCCCCGCA
   898      1   -23.4514717607   0.000000000065       0.0000  TAGGGGGGGGGCGGGGGAACGGGGG
   899      1   -28.5395626935   0.000000000000       0.0000  TAGGGGGGGGGGCGCGGGGCCCGGG
   900      1   -12.2974720424   0.000004563266       0.0113  TATGGGGGGGGGGGGGGGGGGGGGG
   901      1    -7.5954151422   0.000502751200       1.2413  TATTTTTTTTTTTTTTTTTTTTTTT
   902      2    -5.0275230790   0.006555026763      16.1844  TCC---------------------C
   903      1   -15.8039270837   0.000000136912       0.0003  TCCCCCCCACCCCCCCCCCCCCCA-
   904      1   -20.2719842845   0.000000001570       0.0000  TCCCCCCCCCCCCCCCCCATCTCTC
   905     12    -6.0369719806   0.002388781249       5.8979  TCCCCCCCCCCCCCCCCCCCCCCCC
   906      2    -9.7301865452   0.000059461201       0.1468  TCCCCCCCCCCCCCCCCCCCCCCCT
   907      1   -13.2186810723   0.000001816351       0.0045  TCCCCCCCCCCCCCCCCCCCCTTCC
   908      1    -8.9795613594   0.000125958086       0.3110  TCCCCCCCCCCCCCCCCTCCCCCCC
   909      1   -16.2883907127   0.000000084342       0.0002  TCCCCCCCCCCCCCCCTATCCCCC-
   910      1   -25.9699593764   0.000000000005       0.0000  TCCCCCCCCCCCCCTTATCTCCCAC
   911      1   -17.8099859672   0.000000018417       0.0000  TCCCCCCCCCCCCTTCCCCCCCTCC
   912      1    -9.4715597074   0.000077011199       0.1901  TCCCCCCCCCCCTCCCC--------
   913      1   -19.8294475563   0.000000002444       0.0000  TCCCCCCCCCCCTCCCCGGGAAACC
   914      1   -18.6374388277   0.000000008051       0.0000  TCCCCCCTCCCCCCCCGGCCCCCCC
   915      1   -24.9156677249   0.000000000015       0.0000  TCCTTTTTTTCTTTTTTCATTCTTC
   916      1   -18.9508757554   0.000000005885       0.0000  TCCTTTTTTTTTTTTTTCTCTCTTT
   917      1   -10.1593990722   0.000038710523       0.0956  TCCTTTTTTTTTTTTTTTTTTTTTC
   918      1    -9.6419880572   0.000064943814       0.1603  TCCTTTTTTTTTTTTTTTTTTTTTT
   919      1    -5.6849322312   0.003396763436       8.3866  TCT---------------------C
   920      1   -25.0725594150   0.000000000013       0.0000  TCTCCCCCCCATTTTTCTGTTTTTC
   921      1   -16.5084137763   0.000000067684       0.0002  TCTCCCCCCCCCAGCCCCCCCCCCC
   922      2    -7.8661712867   0.000383499866       0.9469  TCTCCCCCCCCCCCCCCCCCCCCCC
   923      1   -24.5749104931   0.000000000021       0.0000  TCTCCCCCCCCCTCTCCGGGGGGTC
   924      1   -24.3014452491   0.000000000028       0.0000  TCTCCCCCCCCCTCTTCCCCTTCTC
   925      1   -25.8120767035   0.000000000006       0.0000  TCTGGTTTTCTTTTGTTTTTTTTTG
   926      1   -14.9623258726   0.000000317647       0.0008  TCTTTCTTTTTTTTTTTTTTTTTCT
   927      1   -14.0794721575   0.000000768003       0.0019  TCTTTTTTTTTTTCTCTTTTTTTTT
   928      1   -16.0898697486   0.000000102863       0.0003  TCTTTTTTTTTTTGTTTGGTTTTTT
   929      1   -13.6440774244   0.000001187005       0.0029  TCTTTTTTTTTTTTTTTAAAAAATC
   930      2    -7.1925461352   0.000752171550       1.8571  TCTTTTTTTTTTTTTTTTTTTTTTC
   931      3    -6.4667612684   0.001554251393       3.8374  TCTTTTTTTTTTTTTTTTTTTTTTT
   932      1    -9.9336676628   0.000048513538       0.1198  TGAGGGGGGGGGGGGGGGGGGGGGG
   933      1    -5.7172427015   0.003288766523       8.1200  TGG---------------------G
   934      1   -17.8138841252   0.000000018345       0.0000  TGGCCCGCCCCCCCCCCGGGGGGGG
   935      1   -14.0891925363   0.000000760574       0.0019  TGGGGGGGGGGGGGGGGAGGGGTGG
   936      1   -14.6436695177   0.000000436853       0.0011  TGGGGGGGGGGGGGGGGGAGGTGGG
   937      1   -10.3323259655   0.000032563258       0.0804  TGGGGGGGGGGGGGGGGGGGGGGGA
   938      5    -6.6738997062   0.001263462001       3.1195  TGGGGGGGGGGGGGGGGGGGGGGGG
   939      1   -10.7808504226   0.000020793910       0.0513  TGGGGGGGGGGGGGGGGGGGGGGTG
   940      1   -12.4320310663   0.000003988756       0.0098  TGGGGGGGGGGGGGGGGTTGGGGGG
   941      1   -15.8932166958   0.000000125217       0.0003  TGGTTTTTTTTTCCCCCTTTTTTTT
   942      1   -22.5450482212   0.000000000162       0.0000  TGTGGGGGGGGGGGGCCGGGGCGGG
   943      1   -15.3785878967   0.000000209490       0.0005  TGTTTCTTTTTTTTTTTTCTTTTTT
   944      1   -22.4571113254   0.000000000177       0.0000  TGTTTTTTTTTTCCCCTCGCCCCCT
   945      1    -7.1689254505   0.000770149851       1.9015  TGTTTTTTTTTTTTTTTTTTTTTTT
   946      1   -24.0959562608   0.000000000034       0.0000  TTAGGGGGGCGGGGGGGGGGGGGTG
   947      1   -18.8318688569   0.000000006629       0.0000  TTATTTTTTTTTTCTCTTTTCTTTT
   948      1   -10.8077382549   0.000020242256       0.0500  TTATTTTTTTTTTTTTCTTTTTTTT
   949      2    -7.3397823145   0.000649191825       1.6029  TTATTTTTTTTTTTTTTTTTTTTTT
   950      1    -9.7301865452   0.000059461201       0.1468  TTCCCCCCCCCCCCCCCCCCCCCCC
   951      1   -13.9163059486   0.000000904118       0.0022  TTCCCCCCCCCCCCCCTCCCCCCCT
   952      1   -19.6621669998   0.000000002890       0.0000  TTCTTTTCTCCTTTTTTTTCTTTTT
   953      1   -19.2655616836   0.000000004296       0.0000  TTCTTTTTTTTTTCTCTCTCTTTTT
   954      5    -6.2218523493   0.001985563851       4.9024  TTCTTTTTTTTTTTTTTTTTTTTTT
   955      1   -24.4896257880   0.000000000023       0.0000  TTG------TCC-C--CCCCTCCGT
   956      1   -18.8619738038   0.000000006432       0.0000  TTGCCCCGCCCCCCCCCCCCCCCCC
   957      1   -11.2702704281   0.000012746288       0.0315  TTGGGGGGGGGGGGGGGGGGGGGGG
   958      1   -13.3922895308   0.000001526872       0.0038  TTGTTTTTTTTTTTTCTCTTTTTTT
   959      6    -1.8957145424   0.150210964591     370.8709  TTT---------------------T
   960      2   -10.9251166862   0.000018000398       0.0444  TTTCCCCCCCCCCCCCCCCCCCCCC
   961      1   -15.3926993355   0.000000206555       0.0005  TTTCCCCCCCCCCCCCCCCCTCTCT
   962      1   -11.1652231603   0.000014158107       0.0350  TTTCCCCCCCCCCCCCCCTCCCCCT
   963      1   -12.4351946382   0.000003976158       0.0098  TTTCCCCCCCCCCCCCCGGTTTTTT
   964      1   -19.9953622343   0.000000002071       0.0000  TTTCCCCCCCCCTCTCCCCCCCTCT
   965      1   -25.1341125084   0.000000000012       0.0000  TTTCCCCCCCCCTCTCCTTCTCCCT
   966      1   -21.0424570328   0.000000000727       0.0000  TTTCCCCCCCCCTTTCCCCCTTTCT
   967      1   -25.8000923727   0.000000000006       0.0000  TTTCCCCCCCCCTTTTCTCTTCCCC
   968      1   -10.2046207657   0.000036998960       0.0914  TTTCCCCCCCCCTTTTTTTTTTCTT
   969      1   -26.0566195875   0.000000000005       0.0000  TTTCCCCCCCTTTCTTCCTTTTTTC
   970      1   -29.6244884982   0.000000000000       0.0000  TTTCCCCCCTCCCCCACTCCACTCT
   971      1   -16.8851020500   0.000000046440       0.0001  TTTCCCCCGCCCCCCCCCCTTTTTT
   972      1   -16.9407682297   0.000000043926       0.0001  TTTCCCCCTCCTTTTCTTTTTTTTT
   973      1   -24.5807259033   0.000000000021       0.0000  TTTCCCCCTTTTTCCCTTTTTTCTC
   974      1   -13.1455866269   0.000001954089       0.0048  TTTCCCCCTTTTTCTTTTTTTTTTT
   975      1   -17.4363913037   0.000000026759       0.0001  TTTCCCCTTTTTTTTATTTTTTTTC
   976      1   -35.4193395036   0.000000000000       0.0000  TTTCCCTTCCTTTCTTGGAAAAATT
   977      1   -16.9910225636   0.000000041773       0.0001  TTTCCTCCCCCCCCCCCCTCCCCCT
   978      1   -20.6570332093   0.000000001068       0.0000  TTTCCTTTCTTTTTTTTTATTTTTC
   979      1    -8.8061054515   0.000149815585       0.3699  TTTGGGGGGGGGGGGGG-GGGGGGT
   980      1   -18.2032933997   0.000000012428       0.0000  TTTGGGGGGGGGGGGGGTTGGGGGG
   981      1   -16.2281592266   0.000000089578       0.0002  TTTGGGGGGGGGTTTGTTTTTTTTG
   982      1   -34.0359210222   0.000000000000       0.0000  TTTGGGTCCCCCCCCCCTCGCCTCG
   983      1   -22.6825119457   0.000000000141       0.0000  TTTTTTTCTCCTTTCTTCCCCCCTT
   984      1   -19.1945793479   0.000000004612       0.0000  TTTTTTTTCTTTTTTCCCCTTTTTT
   985      1   -10.3133477379   0.000033187152       0.0819  TTTTTTTTCTTTTTTTTTCTTTTTT
   986      1   -19.1911006417   0.000000004628       0.0000  TTTTTTTTTCTTCCCTTTTTTTTCT
   987      1    -7.6730552145   0.000465194382       1.1486  TTTTTTTTTCTTTTTTTTTTTTTTT
   988      1   -12.9783677299   0.000002309758       0.0057  TTTTTTTTTGTTTTTTTTTTTGTTT
   989      1   -18.9908247125   0.000000005654       0.0000  TTTTTTTTTTCCCTTTCTTTTTTTT
   990      1   -21.2108635697   0.000000000614       0.0000  TTTTTTTTTTGTTTTTTACCCCCAT
   991      1   -17.9515962322   0.000000015985       0.0000  TTTTTTTTTTTATTTTTAATTTGTT
   992      1   -18.6690296422   0.000000007801       0.0000  TTTTTTTTTTTCCCTCCTTTTTTCT
   993      1   -17.2740162920   0.000000031477       0.0001  TTTTTTTTTTTCTTCCTCCCCCCTT
   994      1   -14.4407469085   0.000000535135       0.0013  TTTTTTTTTTTCTTTGTTTCTTTTT
   995      1   -11.1550059605   0.000014303505       0.0353  TTTTTTTTTTTCTTTTTTTTTTTAT
   996      1   -14.7667732971   0.000000386253       0.0010  TTTTTTTTTTTGTTTTTGTTTTTGT
   997      1   -13.8926206074   0.000000925788       0.0023  TTTTTTTTTTTTAATATTTTTTTTT
   998      1   -12.8278684739   0.000002684896       0.0066  TTTTTTTTTTTTACCCCTTTTTTTT
   999      1   -11.4636002824   0.000010505619       0.0259  TTTTTTTTTTTTCATTTTTTTTTTT
  1000      1   -11.4118412640   0.000011063698       0.0273  TTTTTTTTTTTTCCCCTCTTTTTTT
  1001      1   -11.6197608341   0.000008986736       0.0222  TTTTTTTTTTTTCCCTTTTTTTTTT
  1002      1   -16.8323265508   0.000000048957       0.0001  TTTTTTTTTTTTCTTTTGGGGAGTT
  1003      1    -9.6415949478   0.000064969349       0.1604  TTTTTTTTTTTTCTTTTTTCTTTTT
  1004      1   -11.5147571641   0.000009981700       0.0246  TTTTTTTTTTTTTCCCTTTTTTTTT
  1005      1   -13.9920624987   0.000000838155       0.0021  TTTTTTTTTTTTTCCTCTTTTTTTT
  1006      1   -13.9920624987   0.000000838155       0.0021  TTTTTTTTTTTTTCTCCTTTTTTTT
  1007      1   -10.3027043710   0.000033542262       0.0828  TTTTTTTTTTTTTCTTCTTTTTTTT
  1008      1   -12.4340672725   0.000003980643       0.0098  TTTTTTTTTTTTTCTTTTCTTTTCT
  1009      1    -6.8356760789   0.001074740460       2.6535  TTTTTTTTTTTTTCTTTTTTTTTTT
  1010      1   -12.7535801587   0.000002891948       0.0071  TTTTTTTTTTTTTTCTTGGGGGGTT
  1011      1    -7.5732205409   0.000514034311       1.2692  TTTTTTTTTTTTTTGTTTTTTTTTT
  1012      1   -15.0402983598   0.000000293820       0.0007  TTTTTTTTTTTTTTT-TGGGGGGGA
  1013      1    -3.0049266150   0.049542389863     122.3202  TTTTTTTTTTTTTTT-TTTTTTTTT
  1014      1   -19.6892221325   0.000000002812       0.0000  TTTTTTTTTTTTTTTCTTCCTTACT
  1015      1    -6.8666031245   0.001042010640       2.5727  TTTTTTTTTTTTTTTCTTTTTTTTT
  1016      1   -14.4670587008   0.000000521238       0.0013  TTTTTTTTTTTTTTTGTGTTTTTG-
  1017      1   -12.1642759636   0.000005213412       0.0129  TTTTTTTTTTTTTTTGTTTTGTTTT
  1018      1   -15.8186469390   0.000000134911       0.0003  TTTTTTTTTTTTTTTTCCCCTCCTT
  1019      1    -9.3177309825   0.000089817477       0.2218  TTTTTTTTTTTTTTTTCTTCTTTTT
  1020      7    -6.5118121143   0.001485784870       3.6684  TTTTTTTTTTTTTTTTCTTTTTTTT
  1021      1    -2.3132193861   0.098942205113     244.2883  TTTTTTTTTTTTTTTTT--------
  1022      1   -10.1517209528   0.000039008891       0.0963  TTTTTTTTTTTTTTTTTAAATTTTT
  1023      1   -11.0311673640   0.000016189181       0.0400  TTTTTTTTTTTTTTTTTCCATTTTT
  1024      1   -11.5685275811   0.000009459154       0.0234  TTTTTTTTTTTTTTTTTCCCTTTCT
  1025      1   -12.8399097955   0.000002652760       0.0065  TTTTTTTTTTTTTTTTTCCCTTTTG
  1026      1   -15.4863624836   0.000000188087       0.0005  TTTTTTTTTTTTTTTTTCCTCACTT
  1027      1    -7.2914670034   0.000681327809       1.6822  TTTTTTTTTTTTTTTTTCCTTTTTT
  1028      1    -9.5794780438   0.000069133023       0.1707  TTTTTTTTTTTTTTTTTCTTCTTTT
  1029      1    -5.7001061305   0.003345610367       8.2603  TTTTTTTTTTTTTTTTTCTTTTTTT
  1030      1   -13.2204732878   0.000001813099       0.0045  TTTTTTTTTTTTTTTTTGGGTTGTT
  1031      1   -10.6710690813   0.000023206710       0.0573  TTTTTTTTTTTTTTTTTTAATTTTT
  1032      2    -5.7001041253   0.003345617076       8.2603  TTTTTTTTTTTTTTTTTTCTTTTTT
  1033      1    -6.9517689723   0.000956940854       2.3627  TTTTTTTTTTTTTTTTTTTATTTTT
  1034      1    -5.8497750423   0.002880547087       7.1121  TTTTTTTTTTTTTTTTTTTCTTTTT
  1035      1    -6.5252792805   0.001465909690       3.6193  TTTTTTTTTTTTTTTTTTTGTTTTT
  1036      1   -11.3599850579   0.000011652555       0.0288  TTTTTTTTTTTTTTTTTTTTCTATT
  1037      1    -6.3770125877   0.001700194559       4.1978  TTTTTTTTTTTTTTTTTTTTTTCTT
  1038      1    -7.5954151422   0.000502751200       1.2413  TTTTTTTTTTTTTTTTTTTTTTTTA
  1039    184    -3.0438561734   0.047650785064     117.6498  TTTTTTTTTTTTTTTTTTTTTTTTT