

TREE #  1

  0  0.0000  18116.247714  x:  0.46037   0.43455   0.46721   0.87009   0.42811   0.67461   0.49872   0.55446   0.60107   0.85095   0.85693   0.74955   0.54373   0.78144   0.49436   0.45082   0.82964   0.45037   0.61270   0.44179   0.49255   0.74958   0.75330   0.76048  
  1 99.0000  17251.535974  x:  0.45783   0.64410   0.70687   1.00000   0.72209   0.85708   0.61888   0.58095   0.64565   0.90456   0.88037   0.77617   0.55897   0.78990   0.52735   0.48492   0.83841   0.46563   0.61860   0.44727   0.49183   0.75344   0.74763   0.75306  
  2 5207.3002  17251.535974  x:  0.45783   0.64410   0.70687   1.00000   0.72209   0.85708   0.61888   0.58095   0.64565   0.90456   0.88037   0.77617   0.55897   0.78990   0.52735   0.48492   0.83841   0.46563   0.61860   0.44727   0.49183   0.75344   0.74763   0.75306  
  3 5327.9991  16542.037018  x:  0.27597   0.56610   0.65167   0.96124   0.70768   0.85328   0.63706   0.58515   0.65576   0.88684   0.87053   0.77240   0.56012   0.78847   0.52092   0.48391   0.83813   0.46789   0.61948   0.44850   0.49140   0.75310   0.73229   0.74521  
  4 6291.4453  16304.530250  x:  0.16538   0.61041   0.70313   0.99051   0.78746   0.92743   0.70697   0.60266   0.68878   0.89335   0.87162   0.78263   0.56978   0.79146   0.53072   0.50068   0.84264   0.47885   0.62378   0.45299   0.49048   0.75483   0.71877   0.73529  
  5 2230.0638  16189.265255  x:  0.17736   0.58261   0.69160   0.92977   0.84831   1.00000   0.81773   0.63103   0.74691   0.86763   0.85535   0.78965   0.58472   0.79291   0.53111   0.52006   0.84792   0.49734   0.63112   0.46126   0.48840   0.75644   0.68222   0.71169  
  6 1227.9909  16096.116108  x:  0.17550   0.60247   0.70966   1.00000   0.82924   1.00000   0.88893   0.65619   0.81194   0.81249   0.83103   0.80162   0.61029   0.79501   0.52220   0.54521   0.85463   0.52819   0.64374   0.47616   0.48407   0.75839   0.64405   0.68505  
  7 406.5875  16075.070244  x:  0.17340   0.62041   0.72481   1.00000   0.81532   0.97781   0.94288   0.67592   0.86331   0.76959   0.81218   0.81177   0.63123   0.79683   0.51533   0.56581   0.86008   0.55336   0.65405   0.48836   0.48051   0.76000   0.61335   0.66345  
  8 10773.4097  15939.090311  x:  0.12309   0.79151   0.83914   1.00000   0.90223   0.95795   0.80974   0.69839   0.92712   0.75236   0.80914   0.87332   0.70895   0.81140   0.52233   0.64622   0.87976   0.64199   0.69097   0.53251   0.46645   0.76764   0.53754   0.59944  
  9 515.7844  15935.709831  x:  0.12151   0.79697   0.84212   0.98663   0.90558   0.95735   0.80712   0.69887   0.92674   0.75335   0.80990   0.87592   0.71211   0.81191   0.52224   0.64911   0.88019   0.64558   0.69242   0.53440   0.46571   0.76790   0.53556   0.59723  
 10 871.0983  15915.660681  x:  0.11851   0.79993   0.83756   0.98588   0.94046   0.95620   0.85997   0.69158   0.83765   0.81303   0.84349   0.90629   0.74637   0.81515   0.51017   0.66949   0.87384   0.68479   0.70684   0.55780   0.45264   0.76950   0.54874   0.58568  
 11 209.6803  15913.393419  x:  0.11559   0.80978   0.83561   0.98611   0.92645   0.95671   0.86643   0.68546   0.84354   0.85064   0.84684   0.90046   0.75146   0.80715   0.49720   0.67074   0.85890   0.70012   0.70916   0.56952   0.44034   0.76921   0.58380   0.58975  
 12 76.2978  15911.845528  x:  0.11643   0.80649   0.82814   0.98573   0.93946   0.95650   0.86509   0.68339   0.86216   0.86086   0.83571   0.88989   0.75829   0.79777   0.47857   0.67458   0.84140   0.72332   0.71325   0.58655   0.42280   0.76912   0.61076   0.58794  
 13 88.8657  15910.231563  x:  0.11725   0.79581   0.84325   0.98532   0.93553   0.95594   0.86071   0.69314   0.84605   0.85338   0.82065   0.87691   0.76612   0.79163   0.47030   0.69703   0.80807   0.77752   0.72025   0.62702   0.37413   0.77205   0.62193   0.57015  
 14 41.2801  15909.009489  x:  0.11865   0.80202   0.82670   0.98605   0.93272   0.95645   0.85837   0.69154   0.85305   0.84793   0.83687   0.88648   0.77196   0.80053   0.46372   0.71001   0.77903   0.82044   0.72114   0.66250   0.32065   0.77462   0.60765   0.55353  
 15 56.6102  15908.042790  x:  0.11755   0.80663   0.83113   0.98594   0.93487   0.95635   0.86126   0.67029   0.84765   0.83735   0.84193   0.88592   0.75363   0.80797   0.46740   0.69428   0.75987   0.82564   0.70572   0.68313   0.25488   0.77558   0.60743   0.57227  
 16 25.8112  15907.271262  x:  0.11839   0.80091   0.83444   0.98555   0.93412   0.95611   0.86154   0.67362   0.85523   0.84643   0.83895   0.88603   0.74304   0.80984   0.48922   0.68968   0.75813   0.82622   0.69508   0.69851   0.20049   0.77753   0.60084   0.58579  
 17 50.6296  15906.573125  x:  0.11784   0.81083   0.82643   0.98588   0.93435   0.95610   0.86053   0.69697   0.84938   0.84815   0.83263   0.88719   0.74415   0.80458   0.48519   0.67886   0.76634   0.81599   0.68667   0.70691   0.16039   0.77673   0.59990   0.59249  
 18 28.5578  15904.707424  x:  0.11948   0.80179   0.84061   0.98523   0.93160   0.95561   0.85870   0.68460   0.85320   0.84795   0.83716   0.89721   0.77324   0.78886   0.46079   0.67402   0.81583   0.79140   0.68341   0.72372   0.11260   0.77345   0.60204   0.57935  
 19 16.7431  15902.101568  x:  0.11921   0.82614   0.81742   0.98599   0.93098   0.95584   0.86277   0.65616   0.84457   0.83653   0.82514   0.88410   0.78380   0.77713   0.47314   0.68915   0.86833   0.77352   0.68579   0.74840   0.09309   0.77289   0.61909   0.56778  
 20 35.6362  15885.143084  x:  0.12353   0.86578   0.81655   0.98400   0.92400   0.95225   0.86014   0.68889   0.84126   0.80754   0.87679   0.84358   0.71144   0.83913   0.46414   0.67270   0.91597   0.69262   0.67020   0.87878   0.19249   0.76077   0.69277   0.55480  
 21 24.8236  15873.212035  x:  0.12777   0.91365   0.80749   0.98383   0.91315   0.95082   0.86486   0.64903   0.82737   0.84544   0.78069   0.86254   0.73212   0.81917   0.45105   0.64541   0.82259   0.64950   0.65252   0.83063   0.26134   0.75737   0.63690   0.54583  
 22 55.3137  15868.545119  x:  0.12899   0.92186   0.80269   0.98320   0.91224   0.94951   0.86190   0.65929   0.82699   0.80861   0.81652   0.88287   0.76710   0.76945   0.47165   0.66443   0.79294   0.68882   0.66823   0.71432   0.26649   0.76637   0.66143   0.61112  
 23 48.6068  15867.428015  x:  0.12930   0.92681   0.80367   0.98311   0.91148   0.94935   0.86265   0.65947   0.82597   0.81798   0.82196   0.85710   0.73414   0.77808   0.45139   0.65947   0.81574   0.72959   0.69256   0.65142   0.25411   0.76805   0.65026   0.60815  
 24 24.3460  15867.224063  x:  0.12928   0.92638   0.80348   0.98306   0.91132   0.94928   0.86245   0.66040   0.82627   0.81674   0.81407   0.86618   0.73503   0.79823   0.45411   0.65322   0.81985   0.73694   0.69903   0.63779   0.24976   0.76843   0.66129   0.60198  
 25 10.1276  15866.740035  x:  0.12877   0.92966   0.80512   0.98294   0.91196   0.94915   0.86397   0.66251   0.82739   0.81204   0.82532   0.85285   0.74286   0.79698   0.47343   0.62814   0.80909   0.73388   0.70690   0.62446   0.24284   0.77009   0.67215   0.56708  
 26  3.7202  15848.033308  x:  0.11994   1.00000   0.81700   0.98029   0.91337   0.94497   0.89300   0.67659   0.85500   0.78792   0.81443   0.90328   0.74084   0.77645   0.46790   0.64667   0.76523   0.75834   0.86888   0.67989   0.23166   0.84385   0.62657   0.57957  
 27  1.9383  15842.803158  x:  0.11491   1.00000   0.82429   0.97865   0.91437   0.94237   0.91001   0.68714   0.87095   0.77731   0.81507   0.89246   0.76587   0.80162   0.45612   0.71506   0.75145   0.80093   0.78215   0.67210   0.22779   0.78681   0.61063   0.56458  
 28 28.3344  15842.639607  x:  0.11486   1.00000   0.82484   0.97859   0.91437   0.94235   0.91033   0.68720   0.87133   0.77668   0.81260   0.90455   0.75780   0.79051   0.45708   0.70719   0.75915   0.81490   0.76213   0.67379   0.23301   0.80363   0.61333   0.55822  
 29  5.5520  15842.190172  x:  0.11507   1.00000   0.82789   0.97841   0.91437   0.94253   0.91080   0.68658   0.87208   0.77844   0.81170   0.88810   0.78506   0.80075   0.46056   0.68454   0.77183   0.83827   0.74552   0.68336   0.24232   0.81246   0.60293   0.57563  
 30  1.9286  15839.489682  x:  0.11689   1.00000   0.84690   0.97709   0.91594   0.94365   0.91193   0.68971   0.87797   0.77631   0.81246   0.89880   0.77546   0.79993   0.45620   0.72083   0.77763   0.84003   0.69620   0.67545   0.23613   0.75344   0.61257   0.56411  
 31  3.1041  15839.423010  x:  0.11694   1.00000   0.84739   0.97704   0.91601   0.94368   0.91191   0.69012   0.87814   0.77658   0.81375   0.89352   0.77743   0.80591   0.45282   0.72979   0.77498   0.83330   0.69150   0.67177   0.23372   0.76784   0.61372   0.56245  
 32  5.3745  15836.845526  x:  0.11294   1.00000   0.88115   0.97155   0.91514   0.95113   0.90824   0.68878   0.89115   0.74878   0.80696   0.90595   0.77948   0.79691   0.44163   0.73829   0.80689   0.80163   0.69547   0.68277   0.24325   0.77223   0.60686   0.58606  
 33  0.0458  15832.079846  x:  0.11379   1.00000   0.87350   0.96201   0.91090   0.98181   0.91043   0.68464   0.87558   0.72787   0.81658   0.90027   0.76041   0.80265   0.45442   0.73463   0.80154   0.81909   0.71022   0.67994   0.23243   0.78389   0.61654   0.59717  
 34  0.0182  15831.653752  x:  0.11434   1.00000   0.86770   0.96137   0.91041   0.98471   0.90674   0.68847   0.88398   0.73944   0.81362   0.90279   0.77584   0.80060   0.44921   0.73446   0.79632   0.81832   0.70711   0.67561   0.23742   0.77595   0.61407   0.57909  
 35  0.0331  15831.622562  x:  0.11426   1.00000   0.86777   0.96173   0.91064   0.98304   0.90708   0.68920   0.88471   0.74329   0.81221   0.90280   0.77622   0.80055   0.44815   0.73482   0.79103   0.82061   0.70459   0.67697   0.23652   0.77470   0.61364   0.57763  
 36  0.0131  15831.615580  x:  0.11409   1.00000   0.86857   0.96135   0.91068   0.98342   0.90757   0.68912   0.88428   0.74501   0.81082   0.90258   0.77529   0.80037   0.44762   0.73498   0.78760   0.82198   0.70289   0.67800   0.23585   0.77455   0.61399   0.57849  
 37  0.0048  15831.613544  x:  0.11409   1.00000   0.86861   0.96099   0.91077   0.98337   0.90723   0.68875   0.88401   0.74550   0.80985   0.90273   0.77600   0.79986   0.44754   0.73505   0.78864   0.82105   0.70280   0.67611   0.23722   0.77456   0.61443   0.57890  
 38  0.0014  15831.611115  x:  0.11416   1.00000   0.86855   0.96023   0.91095   0.98328   0.90729   0.68894   0.88437   0.74526   0.81074   0.90261   0.77528   0.80028   0.44785   0.73490   0.78805   0.82191   0.70294   0.67580   0.23674   0.77452   0.61447   0.57935  
 39  0.0007  15831.610815  x:  0.11416   1.00000   0.86869   0.96012   0.91094   0.98327   0.90744   0.68896   0.88414   0.74523   0.81072   0.90264   0.77561   0.80020   0.44775   0.73488   0.78838   0.82139   0.70306   0.67666   0.23685   0.77453   0.61434   0.57885  
 40  0.0012  15831.610800  x:  0.11416   1.00000   0.86870   0.96011   0.91092   0.98327   0.90739   0.68896   0.88417   0.74523   0.81067   0.90263   0.77558   0.80023   0.44772   0.73491   0.78837   0.82143   0.70306   0.67695   0.23671   0.77459   0.61436   0.57880  
 41  0.0003  15831.610798  x:  0.11416   1.00000   0.86870   0.96011   0.91091   0.98327   0.90741   0.68896   0.88417   0.74525   0.81066   0.90264   0.77558   0.80022   0.44772   0.73491   0.78842   0.82142   0.70305   0.67695   0.23661   0.77458   0.61437   0.57881  
 42  0.0001  15831.610798  x:  0.11416   1.00000   0.86870   0.96011   0.91091   0.98327   0.90740   0.68896   0.88417   0.74525   0.81066   0.90264   0.77558   0.80022   0.44772   0.73491   0.78842   0.82142   0.70305   0.67694   0.23658   0.77458   0.61437   0.57881  
 43  0.0000  15831.610798  x:  0.11416   1.00000   0.86870   0.96011   0.91091   0.98327   0.90740   0.68896   0.88417   0.74524   0.81066   0.90264   0.77559   0.80022   0.44772   0.73490   0.78842   0.82142   0.70305   0.67694   0.23658   0.77458   0.61437   0.57881  