Supplemental results for CODEML (seqf: Exo70F1_grasses_reduced.phy  treef: RAxML_bipartitions.Exo70F1_grasses_reduced)


dN/dS (w) for site classes (K=2)

p:   0.86383  0.13617
w:   0.12161  1.00000

Naive Empirical Bayes (NEB) probabilities for 2 classes & postmean_w
(amino acids refer to 1st sequence: AvsRGH2)

   1 V   0.85764 0.14236 ( 1)  0.247
   2 A   0.99992 0.00008 ( 1)  0.122
   3 M   1.00000 0.00000 ( 1)  0.122
   4 Y   0.57846 0.42154 ( 1)  0.492
   5 R   0.99918 0.00082 ( 1)  0.122
   6 L   0.99941 0.00059 ( 1)  0.122
   7 E   0.99999 0.00001 ( 1)  0.122
   8 E   0.99988 0.00012 ( 1)  0.122
   9 E   0.99999 0.00001 ( 1)  0.122
  10 F   0.99983 0.00017 ( 1)  0.122
  11 G   0.99364 0.00636 ( 1)  0.127
  12 K   0.98894 0.01106 ( 1)  0.131
  13 L   0.99909 0.00091 ( 1)  0.122
  14 L   0.99940 0.00060 ( 1)  0.122
  15 T   0.72985 0.27015 ( 1)  0.359
  16 R   0.62517 0.37483 ( 1)  0.451
  17 G   0.99997 0.00003 ( 1)  0.122
  18 S   0.39658 0.60342 ( 2)  0.652
  19 V   0.07714 0.92286 ( 2)  0.932
  20 S   0.67382 0.32618 ( 1)  0.408
  21 L   0.99954 0.00046 ( 1)  0.122
  22 S   0.33761 0.66239 ( 2)  0.703
  23 P   0.01107 0.98893 ( 2)  0.990
  24 E   0.99992 0.00008 ( 1)  0.122
  25 D   0.99998 0.00002 ( 1)  0.122
  26 L   0.99464 0.00536 ( 1)  0.126
  27 H   0.99070 0.00930 ( 1)  0.130
  28 A   0.99874 0.00126 ( 1)  0.123
  29 S   0.99082 0.00918 ( 1)  0.130
  30 L   0.99957 0.00043 ( 1)  0.122
  31 L   0.78417 0.21583 ( 1)  0.311
  32 P   0.94257 0.05743 ( 1)  0.172
  33 Q   0.97184 0.02816 ( 1)  0.146
  34 L   0.99957 0.00043 ( 1)  0.122
  35 S   0.99928 0.00072 ( 1)  0.122
  36 P   0.99197 0.00803 ( 1)  0.129
  37 T   0.99990 0.00010 ( 1)  0.122
  38 V   0.99796 0.00204 ( 1)  0.123
  39 S   0.99391 0.00609 ( 1)  0.127
  40 T   0.00220 0.99780 ( 2)  0.998
  41 F   0.98054 0.01946 ( 1)  0.139
  42 S   0.00087 0.99913 ( 2)  0.999
  43 E   0.61816 0.38184 ( 1)  0.457
  44 G   0.99843 0.00157 ( 1)  0.123
  45 D   0.98242 0.01758 ( 1)  0.137
  46 E   0.93626 0.06374 ( 1)  0.178
  47 S   0.28426 0.71574 ( 2)  0.750
  48 V   0.00051 0.99949 ( 2)  1.000
  49 W   0.23989 0.76011 ( 2)  0.789
  50 S   0.08092 0.91908 ( 2)  0.929
  51 S   0.99921 0.00079 ( 1)  0.122
  52 V   0.49903 0.50097 ( 2)  0.562
  53 F   0.99023 0.00977 ( 1)  0.130
  54 D   0.99971 0.00029 ( 1)  0.122
  55 S   0.19091 0.80909 ( 2)  0.832
  56 E   0.99999 0.00001 ( 1)  0.122
  57 I   0.99994 0.00006 ( 1)  0.122
  58 L   0.65489 0.34511 ( 1)  0.425
  59 R   0.96497 0.03503 ( 1)  0.152
  60 I   0.98204 0.01796 ( 1)  0.137
  61 S   0.00231 0.99769 ( 2)  0.998
  62 P   0.99965 0.00035 ( 1)  0.122
  63 H   0.95474 0.04526 ( 1)  0.161
  64 T   0.99957 0.00043 ( 1)  0.122
  65 I   0.99879 0.00121 ( 1)  0.123
  66 S   0.43766 0.56234 ( 2)  0.616
  67 I   0.00119 0.99881 ( 2)  0.999
  68 L   0.99953 0.00047 ( 1)  0.122
  69 K   0.98086 0.01914 ( 1)  0.138
  70 D   0.99981 0.00019 ( 1)  0.122
  71 I   0.99992 0.00008 ( 1)  0.122
  72 A   0.99984 0.00016 ( 1)  0.122
  73 D   0.99788 0.00212 ( 1)  0.123
  74 V   0.99984 0.00016 ( 1)  0.122
  75 L   0.99956 0.00044 ( 1)  0.122
  76 L   0.99936 0.00064 ( 1)  0.122
  77 R   0.37362 0.62638 ( 2)  0.672
  78 V   0.98770 0.01230 ( 1)  0.132
  79 G   0.99987 0.00013 ( 1)  0.122
  80 H   0.98167 0.01833 ( 1)  0.138
  81 S   0.02466 0.97534 ( 2)  0.978
  82 S   0.17861 0.82139 ( 2)  0.843
  83 K   0.99991 0.00009 ( 1)  0.122
  84 L   0.98751 0.01249 ( 1)  0.133
  85 C   0.02462 0.97538 ( 2)  0.978
  86 Q   0.99983 0.00017 ( 1)  0.122
  87 V   0.98744 0.01256 ( 1)  0.133
  88 Y   0.99955 0.00045 ( 1)  0.122
  89 V   0.00722 0.99278 ( 2)  0.994
  90 K   0.98715 0.01285 ( 1)  0.133
  91 A   0.99675 0.00325 ( 1)  0.124
  92 H   0.99432 0.00568 ( 1)  0.127
  93 R   0.99669 0.00331 ( 1)  0.125
  94 D   0.99980 0.00020 ( 1)  0.122
  95 T   0.99355 0.00645 ( 1)  0.127
  96 L   0.99861 0.00139 ( 1)  0.123
  97 M   0.99910 0.00090 ( 1)  0.122
  98 G   0.99991 0.00009 ( 1)  0.122
  99 C   0.99920 0.00080 ( 1)  0.122
 100 L   0.99951 0.00049 ( 1)  0.122
 101 A   0.41225 0.58775 ( 2)  0.638
 102 V   0.97526 0.02474 ( 1)  0.143
 103 L   0.99713 0.00287 ( 1)  0.124
 104 E   0.99975 0.00025 ( 1)  0.122
 105 V   0.99982 0.00018 ( 1)  0.122
 106 D   0.99998 0.00002 ( 1)  0.122
 107 K   0.99998 0.00002 ( 1)  0.122
 108 K   0.99996 0.00004 ( 1)  0.122
 109 S   0.99873 0.00127 ( 1)  0.123
 110 L   0.99922 0.00078 ( 1)  0.122
 111 E   0.99999 0.00001 ( 1)  0.122
 112 E   0.99999 0.00001 ( 1)  0.122
 113 V   0.99996 0.00004 ( 1)  0.122
 114 Q   0.99983 0.00017 ( 1)  0.122
 115 G   0.68650 0.31350 ( 1)  0.397
 116 I   0.97527 0.02473 ( 1)  0.143
 117 E   0.99658 0.00342 ( 1)  0.125
 118 W   0.99880 0.00120 ( 1)  0.123
 119 D   0.98164 0.01836 ( 1)  0.138
 120 I   0.12155 0.87845 ( 2)  0.893
 121 L   0.99951 0.00049 ( 1)  0.122
 122 N   0.99503 0.00497 ( 1)  0.126
 123 N   0.53606 0.46394 ( 1)  0.529
 124 K   0.99998 0.00002 ( 1)  0.122
 125 M   1.00000 0.00000 ( 1)  0.122
 126 K   0.99863 0.00137 ( 1)  0.123
 127 K   0.99839 0.00161 ( 1)  0.123
 128 W   0.99880 0.00120 ( 1)  0.123
 129 I   0.99914 0.00086 ( 1)  0.122
 130 Q   0.99852 0.00148 ( 1)  0.123
 131 A   0.99991 0.00009 ( 1)  0.122
 132 L   0.99648 0.00352 ( 1)  0.125
 133 K   0.98469 0.01531 ( 1)  0.135
 134 V   0.99990 0.00010 ( 1)  0.122
 135 V   0.99982 0.00018 ( 1)  0.122
 136 V   0.99867 0.00133 ( 1)  0.123
 137 H   0.98020 0.01980 ( 1)  0.139
 138 G   0.99986 0.00014 ( 1)  0.122
 139 L   0.99728 0.00272 ( 1)  0.124
 140 L   0.98042 0.01958 ( 1)  0.139
 141 A   0.99957 0.00043 ( 1)  0.122
 142 E   0.99999 0.00001 ( 1)  0.122
 143 E   0.99999 0.00001 ( 1)  0.122
 144 R   0.99926 0.00074 ( 1)  0.122
 145 R   0.99354 0.00646 ( 1)  0.127
 146 I   0.99987 0.00013 ( 1)  0.122
 147 C   0.98057 0.01943 ( 1)  0.139
 148 S   0.52408 0.47592 ( 1)  0.540
 149 Q   0.99983 0.00017 ( 1)  0.122
 150 I   0.99950 0.00050 ( 1)  0.122
 151 F   0.88888 0.11112 ( 1)  0.219
 152 A   0.94067 0.05933 ( 1)  0.174
 153 A   0.91363 0.08637 ( 1)  0.197
 154 D   0.99959 0.00041 ( 1)  0.122
 155 A   0.99748 0.00252 ( 1)  0.124
 156 H   0.01357 0.98643 ( 2)  0.988
 157 S   0.95675 0.04325 ( 1)  0.160
 158 E   0.99987 0.00013 ( 1)  0.122
 159 E   0.99968 0.00032 ( 1)  0.122
 160 E   0.99987 0.00013 ( 1)  0.122
 161 C   0.99928 0.00072 ( 1)  0.122
 162 F   0.99940 0.00060 ( 1)  0.122
 163 T   0.97980 0.02020 ( 1)  0.139
 164 E   0.99882 0.00118 ( 1)  0.123
 165 V   0.95435 0.04565 ( 1)  0.162
 166 A   0.99984 0.00016 ( 1)  0.122
 167 K   0.99997 0.00003 ( 1)  0.122
 168 G   0.99996 0.00004 ( 1)  0.122
 169 C   0.99705 0.00295 ( 1)  0.124
 170 V   0.99985 0.00015 ( 1)  0.122
 171 L   0.99918 0.00082 ( 1)  0.122
 172 Q   0.99972 0.00028 ( 1)  0.122
 173 L   0.99938 0.00062 ( 1)  0.122
 174 L   0.99952 0.00048 ( 1)  0.122
 175 R   0.56036 0.43964 ( 1)  0.508
 176 F   0.99903 0.00097 ( 1)  0.122
 177 A   0.89828 0.10172 ( 1)  0.211
 178 D   0.99984 0.00016 ( 1)  0.122
 179 N   0.98167 0.01833 ( 1)  0.138
 180 I   0.99945 0.00055 ( 1)  0.122
 181 A   0.99538 0.00462 ( 1)  0.126
 182 I   0.99565 0.00435 ( 1)  0.125
 183 W   0.96277 0.03723 ( 1)  0.154
 184 K   0.99998 0.00002 ( 1)  0.122
 185 P   0.87315 0.12685 ( 1)  0.233
 186 S   0.99907 0.00093 ( 1)  0.122
 187 S   0.98440 0.01560 ( 1)  0.135
 188 E   0.99999 0.00001 ( 1)  0.122
 189 K   0.99998 0.00002 ( 1)  0.122
 190 L   0.99928 0.00072 ( 1)  0.122
 191 F   0.99983 0.00017 ( 1)  0.122
 192 C   0.98680 0.01320 ( 1)  0.133
 193 I   0.99961 0.00039 ( 1)  0.122
 194 L   0.99723 0.00277 ( 1)  0.124
 195 E   0.93987 0.06013 ( 1)  0.174
 196 M   1.00000 0.00000 ( 1)  0.122
 197 Y   0.99767 0.00233 ( 1)  0.124
 198 E   0.99998 0.00002 ( 1)  0.122
 199 A   0.99991 0.00009 ( 1)  0.122
 200 L   0.98414 0.01586 ( 1)  0.136
 201 A   0.98908 0.01092 ( 1)  0.131
 202 E   0.99999 0.00001 ( 1)  0.122
 203 L   0.79088 0.20912 ( 1)  0.305
 204 L   0.99925 0.00075 ( 1)  0.122
 205 P   0.91483 0.08517 ( 1)  0.196
 206 E   0.99990 0.00010 ( 1)  0.122
 207 L   0.99932 0.00068 ( 1)  0.122
 208 L   0.99889 0.00111 ( 1)  0.123
 209 A   0.41200 0.58800 ( 2)  0.638
 210 W   0.99148 0.00852 ( 1)  0.129
 211 F   0.99983 0.00017 ( 1)  0.122
 212 S   0.98103 0.01897 ( 1)  0.138
 213 V   0.99260 0.00740 ( 1)  0.128
 214 K   0.15110 0.84890 ( 2)  0.867
 215 V   0.97235 0.02765 ( 1)  0.146
 216 R   0.99926 0.00074 ( 1)  0.122
 217 G   0.99833 0.00167 ( 1)  0.123
 218 F   0.99738 0.00262 ( 1)  0.124
 219 I   0.99950 0.00050 ( 1)  0.122
 220 K   0.99998 0.00002 ( 1)  0.122
 221 E   0.99154 0.00846 ( 1)  0.129
 222 E   0.99999 0.00001 ( 1)  0.122
 223 A   0.96393 0.03607 ( 1)  0.153
 224 E   0.99851 0.00149 ( 1)  0.123
 225 L   0.94304 0.05696 ( 1)  0.172
 226 T   0.95370 0.04630 ( 1)  0.162
 227 L   0.99911 0.00089 ( 1)  0.122
 228 V   0.02933 0.97067 ( 2)  0.974
 229 N   0.92803 0.07197 ( 1)  0.185
 230 L   0.89697 0.10303 ( 1)  0.212
 231 G   0.99994 0.00006 ( 1)  0.122
 232 D   0.99984 0.00016 ( 1)  0.122
 233 A   0.99750 0.00250 ( 1)  0.124
 234 V   0.99996 0.00004 ( 1)  0.122
 235 R   0.99558 0.00442 ( 1)  0.125
 236 G   0.99866 0.00134 ( 1)  0.123
 237 T   0.98858 0.01142 ( 1)  0.132
 238 V   0.13181 0.86819 ( 2)  0.884
 239 A   0.90575 0.09425 ( 1)  0.204
 240 E   0.99990 0.00010 ( 1)  0.122
 241 F   0.99887 0.00113 ( 1)  0.123
 242 A   0.99985 0.00015 ( 1)  0.122
 243 N   0.97723 0.02277 ( 1)  0.142
 244 T   0.99542 0.00458 ( 1)  0.126
 245 I   0.99947 0.00053 ( 1)  0.122
 246 S   0.17459 0.82541 ( 2)  0.847
 247 R   0.99968 0.00032 ( 1)  0.122
 248 E   0.99999 0.00001 ( 1)  0.122
 249 T   0.99721 0.00279 ( 1)  0.124
 250 S   0.99454 0.00546 ( 1)  0.126
 251 C   0.99188 0.00812 ( 1)  0.129
 252 G   0.74370 0.25630 ( 1)  0.347
 253 S   0.00225 0.99775 ( 2)  0.998
 254 I   0.89071 0.10929 ( 1)  0.218
 255 P   0.95005 0.04995 ( 1)  0.165
 256 G   0.99696 0.00304 ( 1)  0.124
 257 G   0.99981 0.00019 ( 1)  0.122
 258 G   0.99991 0.00009 ( 1)  0.122
 259 I   0.99993 0.00007 ( 1)  0.122
 260 H   0.99985 0.00015 ( 1)  0.122
 261 L   0.99731 0.00269 ( 1)  0.124
 262 M   0.98178 0.01822 ( 1)  0.138
 263 T   0.99695 0.00305 ( 1)  0.124
 264 R   0.99811 0.00189 ( 1)  0.123
 265 Y   0.99931 0.00069 ( 1)  0.122
 266 V   0.99983 0.00017 ( 1)  0.122
 267 M   1.00000 0.00000 ( 1)  0.122
 268 N   0.99994 0.00006 ( 1)  0.122
 269 Y   0.97345 0.02655 ( 1)  0.145
 270 V   0.99894 0.00106 ( 1)  0.123
 271 V   0.03083 0.96917 ( 2)  0.973
 272 E   0.22577 0.77423 ( 2)  0.802
 273 A   0.68726 0.31274 ( 1)  0.396
 274 A   0.74813 0.25187 ( 1)  0.343
 275 N   0.98213 0.01787 ( 1)  0.137
 276 Y   0.99951 0.00049 ( 1)  0.122
 277 S   0.99836 0.00164 ( 1)  0.123
 278 W   0.57744 0.42256 ( 1)  0.493
 279 L   0.99384 0.00616 ( 1)  0.127
 280 N   0.99966 0.00034 ( 1)  0.122
 281 H   0.00331 0.99669 ( 2)  0.997
 282 L   0.99738 0.00262 ( 1)  0.124
 283 L   0.99377 0.00623 ( 1)  0.127
 284 A   0.10359 0.89641 ( 2)  0.909
 285 G   0.91749 0.08251 ( 1)  0.194
 286 C   0.90968 0.09032 ( 1)  0.201
 287 E   0.84739 0.15261 ( 1)  0.256
 288 T   0.85293 0.14707 ( 1)  0.251
 289 Q   0.93452 0.06548 ( 1)  0.179
 290 V   0.83348 0.16652 ( 1)  0.268
 291 N   0.99967 0.00033 ( 1)  0.122
 292 Q   0.00005 0.99995 ( 2)  1.000
 293 D   0.90788 0.09212 ( 1)  0.203
 294 T   0.77511 0.22489 ( 1)  0.319
 295 T   0.99738 0.00262 ( 1)  0.124
 296 P   0.99268 0.00732 ( 1)  0.128
 297 F   0.57163 0.42837 ( 1)  0.498
 298 G   0.50004 0.49996 ( 1)  0.561
 299 Y   0.51669 0.48331 ( 1)  0.546
 300 C   0.99696 0.00304 ( 1)  0.124
 301 V   0.00794 0.99206 ( 2)  0.993
 302 L   0.95106 0.04894 ( 1)  0.165
 303 I   0.73571 0.26429 ( 1)  0.354
 304 L   0.99918 0.00082 ( 1)  0.122
 305 I   0.99994 0.00006 ( 1)  0.122
 306 T   0.99106 0.00894 ( 1)  0.129
 307 R   0.94319 0.05681 ( 1)  0.172
 308 L   0.98513 0.01487 ( 1)  0.135
 309 V   0.94537 0.05463 ( 1)  0.170
 310 D   0.07152 0.92848 ( 2)  0.937
 311 K   0.99983 0.00017 ( 1)  0.122
 312 I   0.99948 0.00052 ( 1)  0.122
 313 E   0.99983 0.00017 ( 1)  0.122
 314 D   0.93274 0.06726 ( 1)  0.181
 315 T   0.98063 0.01937 ( 1)  0.139
 316 S   0.61190 0.38810 ( 1)  0.463
 317 K   0.99984 0.00016 ( 1)  0.122
 318 L   0.99434 0.00566 ( 1)  0.127
 319 Y   0.99689 0.00311 ( 1)  0.124
 320 A   0.93344 0.06656 ( 1)  0.180
 321 D   0.99984 0.00016 ( 1)  0.122
 322 E   0.99999 0.00001 ( 1)  0.122
 323 A   0.99706 0.00294 ( 1)  0.124
 324 L   0.99924 0.00076 ( 1)  0.122
 325 Q   0.99983 0.00017 ( 1)  0.122
 326 N   0.99960 0.00040 ( 1)  0.122
 327 I   0.99956 0.00044 ( 1)  0.122
 328 F   0.99890 0.00110 ( 1)  0.123
 329 L   0.99909 0.00091 ( 1)  0.122
 330 M   0.99996 0.00004 ( 1)  0.122
 331 D   0.99966 0.00034 ( 1)  0.122
 332 N   0.99967 0.00033 ( 1)  0.122
 333 L   0.99921 0.00079 ( 1)  0.122
 334 L   0.87521 0.12479 ( 1)  0.231
 335 Y   0.99939 0.00061 ( 1)  0.122
 336 I   0.23235 0.76765 ( 2)  0.796
 337 V   0.99955 0.00045 ( 1)  0.122
 338 Q   0.99858 0.00142 ( 1)  0.123
 339 K   0.99998 0.00002 ( 1)  0.122
 340 V   0.92279 0.07721 ( 1)  0.189
 341 K   0.99732 0.00268 ( 1)  0.124
 342 S   0.98113 0.01887 ( 1)  0.138
 343 S   0.98002 0.01998 ( 1)  0.139
 344 E   0.99997 0.00003 ( 1)  0.122
 345 L   0.99566 0.00434 ( 1)  0.125
 346 R   0.99982 0.00018 ( 1)  0.122
 347 T   0.00019 0.99981 ( 2)  1.000
 348 W   0.66544 0.33456 ( 1)  0.415
 349 L   0.99703 0.00297 ( 1)  0.124
 350 G   0.99994 0.00006 ( 1)  0.122
 351 D   0.99853 0.00147 ( 1)  0.123
 352 N   0.99995 0.00005 ( 1)  0.122
 353 W   0.99880 0.00120 ( 1)  0.123
 354 I   0.99943 0.00057 ( 1)  0.122
 355 H   0.97643 0.02357 ( 1)  0.142
 356 A   0.96658 0.03342 ( 1)  0.151
 357 R   0.34657 0.65343 ( 2)  0.696
 358 Y   0.27613 0.72387 ( 2)  0.757
 359 G   0.99863 0.00137 ( 1)  0.123
 360 L   0.99809 0.00191 ( 1)  0.123
 361 I   0.99945 0.00055 ( 1)  0.122
 362 R   0.99923 0.00077 ( 1)  0.122
 363 A   0.06118 0.93882 ( 2)  0.946
 364 Y   0.99955 0.00045 ( 1)  0.122
 365 S   0.99828 0.00172 ( 1)  0.123
 366 K   0.93291 0.06709 ( 1)  0.181
 367 R   0.99974 0.00026 ( 1)  0.122
 368 Y   0.99952 0.00048 ( 1)  0.122
 369 L   0.99610 0.00390 ( 1)  0.125
 370 Q   0.88332 0.11668 ( 1)  0.224
 371 S   0.99875 0.00125 ( 1)  0.123
 372 S   0.98284 0.01716 ( 1)  0.137
 373 W   0.99880 0.00120 ( 1)  0.123
 374 T   0.01301 0.98699 ( 2)  0.989
 375 R   0.72195 0.27805 ( 1)  0.366
 376 V   0.99582 0.00418 ( 1)  0.125
 377 I   0.57271 0.42729 ( 1)  0.497
 378 A   0.53806 0.46194 ( 1)  0.527
 379 C   0.97569 0.02431 ( 1)  0.143
 380 L   0.99938 0.00062 ( 1)  0.122
 381 R   0.99832 0.00168 ( 1)  0.123
 382 D   0.99984 0.00016 ( 1)  0.122
 383 D   0.99983 0.00017 ( 1)  0.122
 384 G   0.99996 0.00004 ( 1)  0.122
 385 L   0.99194 0.00806 ( 1)  0.129
 386 L   0.53440 0.46560 ( 1)  0.531
 387 L   0.00689 0.99311 ( 2)  0.994
 388 T   0.00339 0.99661 ( 2)  0.997
 389 T   0.41908 0.58092 ( 2)  0.632
 390 G   0.89891 0.10109 ( 1)  0.210
 391 S   0.98155 0.01845 ( 1)  0.138
 392 S   0.99857 0.00143 ( 1)  0.123
 393 S   0.99886 0.00114 ( 1)  0.123
 394 T   0.94989 0.05011 ( 1)  0.166
 395 L   0.99955 0.00045 ( 1)  0.122
 396 K   0.99847 0.00153 ( 1)  0.123
 397 G   0.01692 0.98308 ( 2)  0.985
 398 A   0.97381 0.02619 ( 1)  0.145
 399 L   0.99937 0.00063 ( 1)  0.122
 400 K   0.99998 0.00002 ( 1)  0.122
 401 E   0.99247 0.00753 ( 1)  0.128
 402 R   0.99992 0.00008 ( 1)  0.122
 403 F   0.99983 0.00017 ( 1)  0.122
 404 K   0.99954 0.00046 ( 1)  0.122
 405 S   0.90921 0.09079 ( 1)  0.201
 406 F   0.99982 0.00018 ( 1)  0.122
 407 N   0.99996 0.00004 ( 1)  0.122
 408 L   0.99846 0.00154 ( 1)  0.123
 409 A   0.00396 0.99604 ( 2)  0.997
 410 Y   0.96834 0.03166 ( 1)  0.149
 411 E   0.99998 0.00002 ( 1)  0.122
 412 E   0.99989 0.00011 ( 1)  0.122
 413 L   0.98755 0.01245 ( 1)  0.133
 414 Y   0.99950 0.00050 ( 1)  0.122
 415 R   0.99937 0.00063 ( 1)  0.122
 416 T   0.99049 0.00951 ( 1)  0.130
 417 Q   0.99978 0.00022 ( 1)  0.122
 418 T   0.99118 0.00882 ( 1)  0.129
 419 T   0.23513 0.76487 ( 2)  0.793
 420 W   0.99880 0.00120 ( 1)  0.123
 421 M   0.02842 0.97158 ( 2)  0.975
 422 V   0.99876 0.00124 ( 1)  0.123
 423 A   0.99963 0.00037 ( 1)  0.122
 424 D   0.99984 0.00016 ( 1)  0.122
 425 P   0.99679 0.00321 ( 1)  0.124
 426 Q   0.99981 0.00019 ( 1)  0.122
 427 L   0.98354 0.01646 ( 1)  0.136
 428 R   0.99463 0.00537 ( 1)  0.126
 429 E   0.99984 0.00016 ( 1)  0.122
 430 E   0.99990 0.00010 ( 1)  0.122
 431 L   0.99304 0.00696 ( 1)  0.128
 432 K   0.99363 0.00637 ( 1)  0.127
 433 I   0.99945 0.00055 ( 1)  0.122
 434 S   0.01995 0.98005 ( 2)  0.982
 435 I   0.99993 0.00007 ( 1)  0.122
 436 S   0.42302 0.57698 ( 2)  0.628
 437 E   0.99990 0.00010 ( 1)  0.122
 438 Q   0.97876 0.02124 ( 1)  0.140
 439 L   0.99813 0.00187 ( 1)  0.123
 440 I   0.97793 0.02207 ( 1)  0.141
 441 P   0.90745 0.09255 ( 1)  0.203
 442 T   0.94989 0.05011 ( 1)  0.166
 443 Y   0.99952 0.00048 ( 1)  0.122
 444 R   0.99679 0.00321 ( 1)  0.124
 445 S   0.99906 0.00094 ( 1)  0.122
 446 F   0.99896 0.00104 ( 1)  0.123
 447 V   0.98981 0.01019 ( 1)  0.131
 448 E   0.73748 0.26252 ( 1)  0.352
 449 R   0.99989 0.00011 ( 1)  0.122
 450 Y   0.97620 0.02380 ( 1)  0.143
 451 R   0.08080 0.91920 ( 2)  0.929
 452 G   0.98951 0.01049 ( 1)  0.131
 453 Q   0.98405 0.01595 ( 1)  0.136
 454 L   0.98646 0.01354 ( 1)  0.134
 455 Q   0.93600 0.06400 ( 1)  0.178
 456 L   0.00614 0.99386 ( 2)  0.995
 457 R   0.99929 0.00071 ( 1)  0.122
 458 G   0.00001 0.99999 ( 2)  1.000
 459 L   0.01011 0.98989 ( 2)  0.991
 460 A   0.99559 0.00441 ( 1)  0.125
 461 K   0.87053 0.12947 ( 1)  0.235
 462 Y   0.99703 0.00297 ( 1)  0.124
 463 V   0.91702 0.08298 ( 1)  0.195
 464 K   0.99996 0.00004 ( 1)  0.122
 465 Y   0.99950 0.00050 ( 1)  0.122
 466 S   0.61081 0.38919 ( 1)  0.463
 467 P   0.75888 0.24112 ( 1)  0.333
 468 E   0.99990 0.00010 ( 1)  0.122
 469 D   0.99983 0.00017 ( 1)  0.122
 470 L   0.90181 0.09819 ( 1)  0.208
 471 E   0.99999 0.00001 ( 1)  0.122
 472 N   0.99996 0.00004 ( 1)  0.122
 473 Q   0.99983 0.00017 ( 1)  0.122
 474 I   0.97820 0.02180 ( 1)  0.141
 475 V   0.32179 0.67821 ( 2)  0.717
 476 D   0.99983 0.00017 ( 1)  0.122
 477 I   0.98388 0.01612 ( 1)  0.136
 478 F   0.99889 0.00111 ( 1)  0.123
 479 A   0.98983 0.01017 ( 1)  0.131
 480 G   0.03697 0.96303 ( 2)  0.968


lnL = -10294.269395

