Supplemental results for CODEML (seqf: Exo70F1_grasses_reduced.phy  treef: RAxML_bipartitions.Exo70F1_grasses_reduced)


dN/dS (w) for site classes (K=3)

p:   0.56829  0.32471  0.10700
w:   0.04539  0.29571  0.66354

Naive Empirical Bayes (NEB) probabilities for 3 classes & postmean_w
(amino acids refer to 1st sequence: AvsRGH2)

   1 V   0.04110 0.79525 0.16365 ( 2)  0.346
   2 A   0.95564 0.04393 0.00043 ( 1)  0.057
   3 M   0.98291 0.01705 0.00004 ( 1)  0.050
   4 Y   0.00654 0.73920 0.25426 ( 2)  0.388
   5 R   0.90191 0.09529 0.00280 ( 1)  0.071
   6 L   0.91232 0.08554 0.00214 ( 1)  0.068
   7 E   0.97708 0.02283 0.00009 ( 1)  0.051
   8 E   0.85800 0.14060 0.00139 ( 1)  0.081
   9 E   0.97874 0.02118 0.00008 ( 1)  0.051
  10 F   0.94001 0.05917 0.00082 ( 1)  0.061
  11 G   0.57946 0.39514 0.02540 ( 1)  0.160
  12 K   0.26392 0.68901 0.04707 ( 2)  0.247
  13 L   0.90199 0.09515 0.00286 ( 1)  0.071
  14 L   0.91346 0.08445 0.00209 ( 1)  0.068
  15 T   0.00889 0.78922 0.20188 ( 2)  0.368
  16 R   0.02258 0.71141 0.26602 ( 2)  0.388
  17 G   0.96722 0.03258 0.00020 ( 1)  0.054
  18 S   0.00480 0.66872 0.32648 ( 2)  0.415
  19 V   0.00054 0.47991 0.51955 ( 3)  0.487
  20 S   0.02415 0.72672 0.24914 ( 2)  0.381
  21 L   0.91886 0.07937 0.00177 ( 1)  0.066
  22 S   0.00410 0.64003 0.35587 ( 2)  0.426
  23 P   0.00005 0.30152 0.69843 ( 3)  0.553
  24 E   0.87514 0.12384 0.00103 ( 1)  0.077
  25 D   0.97158 0.02828 0.00015 ( 1)  0.053
  26 L   0.60241 0.37577 0.02182 ( 1)  0.153
  27 H   0.27615 0.68056 0.04330 ( 2)  0.243
  28 A   0.71262 0.27890 0.00848 ( 1)  0.120
  29 S   0.54732 0.42069 0.03199 ( 1)  0.170
  30 L   0.92052 0.07779 0.00168 ( 1)  0.066
  31 L   0.03165 0.76848 0.19987 ( 2)  0.361
  32 P   0.15749 0.73001 0.11251 ( 2)  0.298
  33 Q   0.20096 0.72010 0.07894 ( 2)  0.274
  34 L   0.92043 0.07789 0.00169 ( 1)  0.066
  35 S   0.90435 0.09305 0.00259 ( 1)  0.070
  36 P   0.56066 0.41017 0.02917 ( 1)  0.166
  37 T   0.94775 0.05166 0.00059 ( 1)  0.059
  38 V   0.87203 0.12251 0.00546 ( 1)  0.079
  39 S   0.58432 0.39107 0.02461 ( 1)  0.158
  40 T   0.00002 0.16886 0.83113 ( 3)  0.601
  41 F   0.21986 0.71491 0.06522 ( 2)  0.265
  42 S   0.00000 0.13652 0.86348 ( 3)  0.613
  43 E   0.00257 0.78708 0.21035 ( 2)  0.372
  44 G   0.88263 0.11286 0.00451 ( 1)  0.076
  45 D   0.09129 0.84755 0.06115 ( 2)  0.295
  46 E   0.01958 0.88061 0.09981 ( 2)  0.328
  47 S   0.01098 0.57549 0.41353 ( 2)  0.445
  48 V   0.00000 0.10843 0.89157 ( 3)  0.624
  49 W   0.00328 0.59193 0.40479 ( 2)  0.444
  50 S   0.00054 0.48694 0.51252 ( 3)  0.484
  51 S   0.90143 0.09578 0.00279 ( 1)  0.071
  52 V   0.00612 0.70920 0.28468 ( 2)  0.399
  53 F   0.53944 0.42701 0.03356 ( 1)  0.173
  54 D   0.81162 0.18559 0.00279 ( 1)  0.094
  55 S   0.00093 0.59887 0.40019 ( 2)  0.443
  56 E   0.97874 0.02118 0.00008 ( 1)  0.051
  57 I   0.95721 0.04242 0.00037 ( 1)  0.056
  58 L   0.02312 0.71986 0.25702 ( 2)  0.384
  59 R   0.18638 0.72612 0.08750 ( 2)  0.281
  60 I   0.22678 0.71040 0.06282 ( 2)  0.262
  61 S   0.00002 0.17305 0.82693 ( 3)  0.600
  62 P   0.92436 0.07418 0.00147 ( 1)  0.065
  63 H   0.06368 0.84153 0.09479 ( 2)  0.315
  64 T   0.91857 0.07968 0.00175 ( 1)  0.066
  65 I   0.72174 0.27023 0.00802 ( 1)  0.118
  66 S   0.00501 0.68465 0.31035 ( 2)  0.409
  67 I   0.00000 0.15239 0.84760 ( 3)  0.607
  68 L   0.91865 0.07957 0.00178 ( 1)  0.066
  69 K   0.08441 0.85002 0.06557 ( 2)  0.299
  70 D   0.83267 0.16528 0.00205 ( 1)  0.088
  71 I   0.95359 0.04595 0.00045 ( 1)  0.057
  72 A   0.94184 0.05738 0.00079 ( 1)  0.060
  73 D   0.40551 0.57617 0.01832 ( 2)  0.201
  74 V   0.94520 0.05407 0.00073 ( 1)  0.059
  75 L   0.52613 0.46650 0.00736 ( 1)  0.167
  76 L   0.91209 0.08572 0.00219 ( 1)  0.068
  77 R   0.01314 0.62015 0.36671 ( 2)  0.427
  78 V   0.52203 0.43946 0.03850 ( 1)  0.179
  79 G   0.94467 0.05464 0.00069 ( 1)  0.059
  80 H   0.48381 0.46717 0.04902 ( 1)  0.193
  81 S   0.00009 0.38743 0.61248 ( 3)  0.521
  82 S   0.00274 0.54961 0.44765 ( 2)  0.460
  83 K   0.86923 0.12965 0.00112 ( 1)  0.079
  84 L   0.52187 0.43976 0.03837 ( 1)  0.179
  85 C   0.00026 0.34759 0.65215 ( 3)  0.536
  86 Q   0.94122 0.05798 0.00080 ( 1)  0.060
  87 V   0.26107 0.68768 0.05125 ( 2)  0.249
  88 Y   0.91822 0.08001 0.00177 ( 1)  0.067
  89 V   0.00004 0.26095 0.73901 ( 3)  0.568
  90 K   0.09931 0.84735 0.05335 ( 2)  0.290
  91 A   0.37022 0.60569 0.02409 ( 2)  0.212
  92 H   0.58801 0.38831 0.02369 ( 1)  0.157
  93 R   0.65014 0.33423 0.01562 ( 1)  0.139
  94 D   0.82821 0.16962 0.00217 ( 1)  0.089
  95 T   0.30118 0.66214 0.03668 ( 2)  0.234
  96 L   0.88494 0.11094 0.00412 ( 1)  0.076
  97 M   0.46281 0.52564 0.01155 ( 2)  0.184
  98 G   0.86919 0.12969 0.00112 ( 1)  0.079
  99 C   0.90099 0.09621 0.00279 ( 1)  0.071
 100 L   0.91713 0.08101 0.00186 ( 1)  0.067
 101 A   0.00495 0.67451 0.32054 ( 2)  0.412
 102 V   0.08019 0.84700 0.07281 ( 2)  0.302
 103 L   0.85701 0.13593 0.00706 ( 1)  0.084
 104 E   0.81185 0.18547 0.00268 ( 1)  0.093
 105 V   0.94210 0.05708 0.00082 ( 1)  0.060
 106 D   0.97158 0.02828 0.00015 ( 1)  0.053
 107 K   0.97146 0.02840 0.00014 ( 1)  0.053
 108 K   0.88911 0.11020 0.00069 ( 1)  0.073
 109 S   0.70347 0.28769 0.00884 ( 1)  0.123
 110 L   0.90609 0.09135 0.00255 ( 1)  0.070
 111 E   0.97738 0.02253 0.00009 ( 1)  0.051
 112 E   0.97874 0.02118 0.00008 ( 1)  0.051
 113 V   0.96726 0.03252 0.00022 ( 1)  0.054
 114 Q   0.94122 0.05798 0.00080 ( 1)  0.060
 115 G   0.02471 0.73256 0.24272 ( 2)  0.379
 116 I   0.07996 0.84684 0.07321 ( 2)  0.303
 117 E   0.64547 0.33862 0.01592 ( 1)  0.140
 118 W   0.88935 0.10698 0.00368 ( 1)  0.074
 119 D   0.22663 0.70962 0.06375 ( 2)  0.262
 120 I   0.00074 0.53972 0.45954 ( 2)  0.465
 121 L   0.91759 0.08058 0.00184 ( 1)  0.067
 122 N   0.32001 0.64911 0.03088 ( 2)  0.227
 123 N   0.00606 0.72001 0.27393 ( 2)  0.395
 124 K   0.97146 0.02840 0.00014 ( 1)  0.053
 125 M   0.98291 0.01705 0.00004 ( 1)  0.050
 126 K   0.42766 0.55736 0.01498 ( 2)  0.194
 127 K   0.41741 0.56627 0.01631 ( 2)  0.197
 128 W   0.88935 0.10698 0.00368 ( 1)  0.074
 129 I   0.74005 0.25353 0.00642 ( 1)  0.113
 130 Q   0.70419 0.28678 0.00903 ( 1)  0.123
 131 A   0.95206 0.04743 0.00051 ( 1)  0.058
 132 L   0.63353 0.34956 0.01691 ( 1)  0.143
 133 K   0.09236 0.84873 0.05891 ( 2)  0.294
 134 V   0.95411 0.04539 0.00050 ( 1)  0.057
 135 V   0.94247 0.05672 0.00081 ( 1)  0.060
 136 V   0.71835 0.27320 0.00845 ( 1)  0.119
 137 H   0.22932 0.70726 0.06342 ( 2)  0.262
 138 G   0.94398 0.05530 0.00072 ( 1)  0.060
 139 L   0.85926 0.13395 0.00679 ( 1)  0.083
 140 L   0.47980 0.46957 0.05063 ( 1)  0.194
 141 A   0.91877 0.07948 0.00175 ( 1)  0.066
 142 E   0.97874 0.02118 0.00008 ( 1)  0.051
 143 E   0.97874 0.02118 0.00008 ( 1)  0.051
 144 R   0.90372 0.09365 0.00263 ( 1)  0.070
 145 R   0.57654 0.39770 0.02576 ( 1)  0.161
 146 I   0.94647 0.05288 0.00065 ( 1)  0.059
 147 C   0.47661 0.47236 0.05103 ( 1)  0.195
 148 S   0.00587 0.71672 0.27741 ( 2)  0.396
 149 Q   0.94122 0.05798 0.00080 ( 1)  0.060
 150 I   0.77111 0.22445 0.00444 ( 1)  0.104
 151 F   0.12528 0.72159 0.15313 ( 2)  0.321
 152 A   0.05515 0.83363 0.11122 ( 2)  0.323
 153 A   0.04767 0.82040 0.13193 ( 2)  0.332
 154 D   0.78810 0.20824 0.00367 ( 1)  0.100
 155 A   0.66194 0.32446 0.01361 ( 1)  0.135
 156 H   0.00006 0.32727 0.67267 ( 3)  0.543
 157 S   0.17094 0.72999 0.09907 ( 2)  0.289
 158 E   0.85482 0.14369 0.00149 ( 1)  0.082
 159 E   0.80522 0.19178 0.00301 ( 1)  0.095
 160 E   0.85522 0.14330 0.00148 ( 1)  0.082
 161 C   0.90378 0.09363 0.00259 ( 1)  0.070
 162 F   0.91010 0.08769 0.00221 ( 1)  0.069
 163 T   0.47268 0.47463 0.05269 ( 2)  0.197
 164 E   0.46130 0.52590 0.01280 ( 2)  0.185
 165 V   0.06154 0.83949 0.09897 ( 2)  0.317
 166 A   0.94119 0.05800 0.00081 ( 1)  0.060
 167 K   0.96479 0.03497 0.00024 ( 1)  0.054
 168 G   0.96151 0.03819 0.00029 ( 1)  0.055
 169 C   0.85524 0.13751 0.00725 ( 1)  0.084
 170 V   0.94614 0.05316 0.00070 ( 1)  0.059
 171 L   0.90492 0.09243 0.00265 ( 1)  0.070
 172 Q   0.93189 0.06697 0.00115 ( 1)  0.063
 173 L   0.91252 0.08533 0.00215 ( 1)  0.068
 174 L   0.91778 0.08040 0.00182 ( 1)  0.067
 175 R   0.00638 0.73034 0.26328 ( 2)  0.391
 176 F   0.89610 0.10075 0.00315 ( 1)  0.073
 177 A   0.12629 0.72440 0.14931 ( 2)  0.319
 178 D   0.94223 0.05699 0.00078 ( 1)  0.060
 179 N   0.22821 0.70831 0.06347 ( 2)  0.262
 180 I   0.91287 0.08507 0.00206 ( 1)  0.068
 181 A   0.32972 0.64004 0.03024 ( 2)  0.224
 182 I   0.61682 0.36370 0.01947 ( 1)  0.148
 183 W   0.06781 0.84233 0.08986 ( 2)  0.312
 184 K   0.97057 0.02928 0.00015 ( 1)  0.053
 185 P   0.29657 0.55630 0.14713 ( 2)  0.276
 186 S   0.89678 0.10008 0.00314 ( 1)  0.072
 187 S   0.49974 0.45581 0.04445 ( 1)  0.187
 188 E   0.97874 0.02118 0.00008 ( 1)  0.051
 189 K   0.97146 0.02840 0.00014 ( 1)  0.053
 190 L   0.90870 0.08891 0.00239 ( 1)  0.069
 191 F   0.93951 0.05966 0.00084 ( 1)  0.061
 192 C   0.51360 0.44602 0.04038 ( 1)  0.182
 193 I   0.92166 0.07674 0.00160 ( 1)  0.066
 194 L   0.85859 0.13454 0.00687 ( 1)  0.083
 195 E   0.15623 0.72886 0.11492 ( 2)  0.299
 196 M   0.98291 0.01705 0.00004 ( 1)  0.050
 197 Y   0.86459 0.12929 0.00612 ( 1)  0.082
 198 E   0.97521 0.02468 0.00011 ( 1)  0.052
 199 A   0.95197 0.04752 0.00051 ( 1)  0.058
 200 L   0.76637 0.20970 0.02392 ( 1)  0.113
 201 A   0.53249 0.43175 0.03576 ( 1)  0.176
 202 E   0.97874 0.02118 0.00008 ( 1)  0.051
 203 L   0.03301 0.77220 0.19479 ( 2)  0.359
 204 L   0.90772 0.08981 0.00247 ( 1)  0.069
 205 P   0.33638 0.54382 0.11981 ( 2)  0.256
 206 E   0.86626 0.13253 0.00121 ( 1)  0.079
 207 L   0.90898 0.08866 0.00236 ( 1)  0.069
 208 L   0.46579 0.52188 0.01234 ( 2)  0.184
 209 A   0.00494 0.67356 0.32150 ( 2)  0.413
 210 W   0.56229 0.40846 0.02926 ( 1)  0.166
 211 F   0.94001 0.05917 0.00082 ( 1)  0.061
 212 S   0.75060 0.22147 0.02794 ( 1)  0.118
 213 V   0.56943 0.40267 0.02790 ( 1)  0.163
 214 K   0.00029 0.61163 0.38809 ( 2)  0.438
 215 V   0.44570 0.49135 0.06295 ( 2)  0.207
 216 R   0.74233 0.25161 0.00606 ( 1)  0.112
 217 G   0.69283 0.29708 0.01009 ( 1)  0.126
 218 F   0.65469 0.33140 0.01390 ( 1)  0.137
 219 I   0.77144 0.22413 0.00443 ( 1)  0.104
 220 K   0.96928 0.03055 0.00017 ( 1)  0.053
 221 E   0.55833 0.41197 0.02970 ( 1)  0.167
 222 E   0.97730 0.02261 0.00009 ( 1)  0.051
 223 A   0.41998 0.50642 0.07360 ( 2)  0.218
 224 E   0.44868 0.53679 0.01452 ( 2)  0.189
 225 L   0.05369 0.83606 0.11024 ( 2)  0.323
 226 T   0.16801 0.72872 0.10327 ( 2)  0.292
 227 L   0.89998 0.09709 0.00293 ( 1)  0.072
 228 V   0.00011 0.41094 0.58895 ( 3)  0.512
 229 N   0.05171 0.82795 0.12034 ( 2)  0.327
 230 L   0.32064 0.54778 0.13159 ( 2)  0.264
 231 G   0.95727 0.04235 0.00038 ( 1)  0.056
 232 D   0.94260 0.05663 0.00077 ( 1)  0.060
 233 A   0.86178 0.13173 0.00649 ( 1)  0.082
 234 V   0.96685 0.03292 0.00023 ( 1)  0.054
 235 R   0.83573 0.15440 0.00987 ( 1)  0.090
 236 G   0.70481 0.28618 0.00901 ( 1)  0.123
 237 T   0.53743 0.42664 0.03592 ( 1)  0.174
 238 V   0.00226 0.50892 0.48882 ( 2)  0.475
 239 A   0.13136 0.72506 0.14358 ( 2)  0.316
 240 E   0.86770 0.13110 0.00119 ( 1)  0.079
 241 F   0.89099 0.10546 0.00355 ( 1)  0.074
 242 A   0.94270 0.05654 0.00076 ( 1)  0.060
 243 N   0.21357 0.71607 0.07036 ( 2)  0.268
 244 T   0.33055 0.63940 0.03005 ( 2)  0.224
 245 I   0.91210 0.08579 0.00211 ( 1)  0.068
 246 S   0.00773 0.52445 0.46781 ( 2)  0.466
 247 R   0.79768 0.19907 0.00325 ( 1)  0.097
 248 E   0.97746 0.02245 0.00009 ( 1)  0.051
 249 T   0.85615 0.13674 0.00711 ( 1)  0.084
 250 S   0.82496 0.16350 0.01153 ( 1)  0.093
 251 C   0.55446 0.41566 0.02988 ( 1)  0.168
 252 G   0.08338 0.68259 0.23402 ( 2)  0.361
 253 S   0.00005 0.14952 0.85043 ( 3)  0.609
 254 I   0.10030 0.75133 0.14837 ( 2)  0.325
 255 P   0.38803 0.52321 0.08875 ( 2)  0.231
 256 G   0.64377 0.34061 0.01563 ( 1)  0.140
 257 G   0.93815 0.06093 0.00092 ( 1)  0.061
 258 G   0.86919 0.12969 0.00112 ( 1)  0.079
 259 I   0.95536 0.04423 0.00041 ( 1)  0.057
 260 H   0.94330 0.05597 0.00073 ( 1)  0.060
 261 L   0.65114 0.33442 0.01444 ( 1)  0.138
 262 M   0.54453 0.41302 0.04246 ( 1)  0.175
 263 T   0.64274 0.34152 0.01574 ( 1)  0.141
 264 R   0.87242 0.12229 0.00529 ( 1)  0.079
 265 Y   0.90700 0.09057 0.00244 ( 1)  0.070
 266 V   0.94382 0.05541 0.00077 ( 1)  0.060
 267 M   0.98291 0.01705 0.00004 ( 1)  0.050
 268 N   0.95807 0.04158 0.00035 ( 1)  0.056
 269 Y   0.44895 0.48987 0.06118 ( 2)  0.206
 270 V   0.89583 0.10086 0.00331 ( 1)  0.073
 271 V   0.00250 0.30112 0.69639 ( 3)  0.551
 272 E   0.00341 0.58452 0.41207 ( 2)  0.446
 273 A   0.07410 0.66749 0.25841 ( 2)  0.372
 274 A   0.08474 0.68297 0.23229 ( 2)  0.360
 275 N   0.22575 0.71266 0.06159 ( 2)  0.262
 276 Y   0.91574 0.08236 0.00190 ( 1)  0.067
 277 S   0.68704 0.30252 0.01044 ( 1)  0.128
 278 W   0.02032 0.69628 0.28340 ( 2)  0.395
 279 L   0.59458 0.38190 0.02352 ( 1)  0.156
 280 N   0.92553 0.07306 0.00141 ( 1)  0.065
 281 H   0.00002 0.20085 0.79912 ( 3)  0.590
 282 L   0.86138 0.13206 0.00657 ( 1)  0.083
 283 L   0.84122 0.14808 0.01070 ( 1)  0.089
 284 A   0.00067 0.52346 0.47587 ( 2)  0.471
 285 G   0.04928 0.82233 0.12839 ( 2)  0.331
 286 C   0.13330 0.72737 0.13933 ( 2)  0.314
 287 E   0.01343 0.83661 0.14997 ( 2)  0.348
 288 T   0.10825 0.71273 0.17902 ( 2)  0.334
 289 Q   0.01841 0.87959 0.10200 ( 2)  0.329
 290 V   0.10011 0.71511 0.18478 ( 2)  0.339
 291 N   0.92679 0.07184 0.00137 ( 1)  0.064
 292 Q   0.00000 0.05510 0.94490 ( 3)  0.643
 293 D   0.04733 0.81962 0.13305 ( 2)  0.333
 294 T   0.00318 0.83491 0.16191 ( 2)  0.354
 295 T   0.85863 0.13456 0.00680 ( 1)  0.083
 296 P   0.81086 0.17504 0.01409 ( 1)  0.098
 297 F   0.02140 0.69713 0.28148 ( 2)  0.394
 298 G   0.01770 0.66488 0.31742 ( 2)  0.408
 299 Y   0.00603 0.71820 0.27577 ( 2)  0.396
 300 C   0.85359 0.13896 0.00744 ( 1)  0.085
 301 V   0.00005 0.26800 0.73195 ( 3)  0.565
 302 L   0.16857 0.72887 0.10256 ( 2)  0.291
 303 I   0.02674 0.74605 0.22721 ( 2)  0.373
 304 L   0.90558 0.09180 0.00262 ( 1)  0.070
 305 I   0.95721 0.04242 0.00037 ( 1)  0.056
 306 T   0.79798 0.18551 0.01652 ( 1)  0.102
 307 R   0.15937 0.73049 0.11014 ( 2)  0.296
 308 L   0.77076 0.20639 0.02285 ( 1)  0.111
 309 V   0.16671 0.72688 0.10641 ( 2)  0.293
 310 D   0.00018 0.51865 0.48117 ( 2)  0.473
 311 K   0.83175 0.16625 0.00200 ( 1)  0.088
 312 I   0.91454 0.08349 0.00198 ( 1)  0.068
 313 E   0.84724 0.15102 0.00175 ( 1)  0.084
 314 D   0.05500 0.82963 0.11537 ( 2)  0.324
 315 T   0.47899 0.47044 0.05057 ( 1)  0.194
 316 S   0.02147 0.70451 0.27402 ( 2)  0.391
 317 K   0.83376 0.16429 0.00195 ( 1)  0.088
 318 L   0.59932 0.37819 0.02248 ( 1)  0.154
 319 Y   0.85247 0.13996 0.00757 ( 1)  0.085
 320 A   0.05430 0.83117 0.11453 ( 2)  0.324
 321 D   0.94277 0.05647 0.00076 ( 1)  0.060
 322 E   0.97783 0.02209 0.00009 ( 1)  0.051
 323 A   0.86006 0.13291 0.00703 ( 1)  0.083
 324 L   0.90674 0.09075 0.00251 ( 1)  0.070
 325 Q   0.94122 0.05798 0.00080 ( 1)  0.060
 326 N   0.78445 0.21179 0.00375 ( 1)  0.101
 327 I   0.92235 0.07596 0.00169 ( 1)  0.065
 328 F   0.89196 0.10456 0.00348 ( 1)  0.074
 329 L   0.90116 0.09597 0.00288 ( 1)  0.071
 330 M   0.89134 0.10802 0.00064 ( 1)  0.073
 331 D   0.79352 0.20314 0.00334 ( 1)  0.098
 332 N   0.92628 0.07233 0.00139 ( 1)  0.064
 333 L   0.90626 0.09118 0.00256 ( 1)  0.070
 334 L   0.12512 0.71762 0.15726 ( 2)  0.322
 335 Y   0.91029 0.08748 0.00223 ( 1)  0.069
 336 I   0.00325 0.58751 0.40924 ( 2)  0.445
 337 V   0.79351 0.20272 0.00377 ( 1)  0.098
 338 Q   0.70593 0.28524 0.00883 ( 1)  0.122
 339 K   0.97115 0.02870 0.00015 ( 1)  0.053
 340 V   0.20312 0.67922 0.11766 ( 2)  0.288
 341 K   0.37518 0.60284 0.02198 ( 2)  0.210
 342 S   0.22825 0.70882 0.06293 ( 2)  0.262
 343 S   0.74680 0.22422 0.02899 ( 1)  0.119
 344 E   0.96905 0.03077 0.00018 ( 1)  0.053
 345 L   0.84592 0.14503 0.00904 ( 1)  0.087
 346 R   0.82947 0.16846 0.00207 ( 1)  0.089
 347 T   0.00000 0.07188 0.92812 ( 3)  0.637
 348 W   0.02465 0.72877 0.24657 ( 2)  0.380
 349 L   0.85560 0.13716 0.00724 ( 1)  0.084
 350 G   0.95904 0.04062 0.00034 ( 1)  0.056
 351 D   0.70442 0.28647 0.00911 ( 1)  0.123
 352 N   0.95979 0.03989 0.00032 ( 1)  0.056
 353 W   0.88935 0.10698 0.00368 ( 1)  0.074
 354 I   0.76402 0.23113 0.00485 ( 1)  0.106
 355 H   0.45921 0.48348 0.05731 ( 2)  0.202
 356 A   0.06927 0.84590 0.08483 ( 2)  0.310
 357 R   0.01103 0.61482 0.37415 ( 2)  0.431
 358 Y   0.01107 0.56952 0.41940 ( 2)  0.447
 359 G   0.88443 0.11141 0.00416 ( 1)  0.076
 360 L   0.68593 0.30333 0.01074 ( 1)  0.128
 361 I   0.91636 0.08164 0.00201 ( 1)  0.067
 362 R   0.73934 0.25443 0.00623 ( 1)  0.113
 363 A   0.00049 0.45131 0.54819 ( 3)  0.497
 364 Y   0.91822 0.08001 0.00177 ( 1)  0.067
 365 S   0.87563 0.11943 0.00494 ( 1)  0.078
 366 K   0.35818 0.53632 0.10550 ( 2)  0.245
 367 R   0.80854 0.18866 0.00280 ( 1)  0.094
 368 Y   0.91654 0.08160 0.00186 ( 1)  0.067
 369 L   0.62437 0.35747 0.01816 ( 1)  0.146
 370 Q   0.31132 0.54796 0.14073 ( 2)  0.270
 371 S   0.88666 0.10942 0.00392 ( 1)  0.075
 372 S   0.75766 0.21630 0.02604 ( 1)  0.116
 373 W   0.88935 0.10698 0.00368 ( 1)  0.074
 374 T   0.00017 0.28240 0.71744 ( 3)  0.560
 375 R   0.00849 0.78449 0.20702 ( 2)  0.370
 376 V   0.84286 0.14800 0.00914 ( 1)  0.088
 377 I   0.06137 0.63258 0.30605 ( 2)  0.393
 378 A   0.01894 0.67960 0.30145 ( 2)  0.402
 379 C   0.45666 0.48518 0.05816 ( 2)  0.203
 380 L   0.91264 0.08522 0.00214 ( 1)  0.068
 381 R   0.68748 0.30196 0.01056 ( 1)  0.128
 382 D   0.94333 0.05592 0.00075 ( 1)  0.060
 383 D   0.94106 0.05813 0.00081 ( 1)  0.060
 384 G   0.96221 0.03751 0.00028 ( 1)  0.055
 385 L   0.56827 0.40359 0.02814 ( 1)  0.164
 386 L   0.05634 0.61895 0.32470 ( 2)  0.401
 387 L   0.00004 0.26472 0.73524 ( 3)  0.566
 388 T   0.00007 0.17434 0.82559 ( 3)  0.599
 389 T   0.01542 0.63720 0.34738 ( 2)  0.420
 390 G   0.12791 0.72448 0.14761 ( 2)  0.318
 391 S   0.75272 0.21989 0.02739 ( 1)  0.117
 392 S   0.88239 0.11328 0.00433 ( 1)  0.076
 393 S   0.88965 0.10670 0.00365 ( 1)  0.074
 394 T   0.38747 0.52337 0.08916 ( 2)  0.232
 395 L   0.91974 0.07853 0.00172 ( 1)  0.066
 396 K   0.42215 0.56205 0.01580 ( 2)  0.196
 397 G   0.00020 0.30899 0.69080 ( 3)  0.550
 398 A   0.45371 0.48580 0.06049 ( 2)  0.204
 399 L   0.91224 0.08559 0.00217 ( 1)  0.068
 400 K   0.97085 0.02899 0.00015 ( 1)  0.053
 401 E   0.56905 0.40342 0.02752 ( 1)  0.163
 402 R   0.95174 0.04778 0.00049 ( 1)  0.058
 403 F   0.94001 0.05917 0.00082 ( 1)  0.061
 404 K   0.77278 0.22305 0.00417 ( 1)  0.104
 405 S   0.04617 0.81940 0.13444 ( 2)  0.334
 406 F   0.93885 0.06029 0.00086 ( 1)  0.061
 407 N   0.96206 0.03767 0.00028 ( 1)  0.055
 408 L   0.89166 0.10445 0.00389 ( 1)  0.074
 409 A   0.00003 0.21045 0.78952 ( 3)  0.586
 410 Y   0.19253 0.72421 0.08327 ( 2)  0.278
 411 E   0.97259 0.02726 0.00014 ( 1)  0.052
 412 E   0.86181 0.13688 0.00132 ( 1)  0.080
 413 L   0.78234 0.19759 0.02007 ( 1)  0.107
 414 Y   0.91525 0.08282 0.00193 ( 1)  0.067
 415 R   0.75526 0.23943 0.00532 ( 1)  0.109
 416 T   0.79433 0.18841 0.01727 ( 1)  0.103
 417 Q   0.93703 0.06203 0.00095 ( 1)  0.062
 418 T   0.79872 0.18492 0.01636 ( 1)  0.102
 419 T   0.00976 0.54329 0.44696 ( 2)  0.458
 420 W   0.88935 0.10698 0.00368 ( 1)  0.074
 421 M   0.00010 0.40102 0.59888 ( 3)  0.516
 422 V   0.89132 0.10498 0.00370 ( 1)  0.074
 423 A   0.80061 0.19602 0.00337 ( 1)  0.097
 424 D   0.94246 0.05677 0.00077 ( 1)  0.060
 425 P   0.85050 0.14169 0.00781 ( 1)  0.086
 426 Q   0.93910 0.06003 0.00087 ( 1)  0.061
 427 L   0.77860 0.19873 0.02267 ( 1)  0.109
 428 R   0.82640 0.16224 0.01136 ( 1)  0.093
 429 E   0.84614 0.15213 0.00173 ( 1)  0.085
 430 E   0.86346 0.13529 0.00126 ( 1)  0.080
 431 L   0.58134 0.39310 0.02556 ( 1)  0.160
 432 K   0.30822 0.65607 0.03571 ( 2)  0.232
 433 I   0.91542 0.08258 0.00200 ( 1)  0.067
 434 S   0.00022 0.32540 0.67438 ( 3)  0.544
 435 I   0.95595 0.04365 0.00040 ( 1)  0.057
 436 S   0.04558 0.57912 0.37529 ( 2)  0.422
 437 E   0.86570 0.13307 0.00122 ( 1)  0.079
 438 Q   0.08013 0.85071 0.06916 ( 2)  0.301
 439 L   0.69187 0.29738 0.01076 ( 1)  0.126
 440 I   0.47699 0.46953 0.05348 ( 1)  0.196
 441 P   0.32804 0.54642 0.12555 ( 2)  0.260
 442 T   0.38747 0.52337 0.08916 ( 2)  0.232
 443 Y   0.91625 0.08187 0.00188 ( 1)  0.067
 444 R   0.85030 0.14187 0.00783 ( 1)  0.086
 445 S   0.89621 0.10061 0.00318 ( 1)  0.073
 446 F   0.89405 0.10262 0.00332 ( 1)  0.073
 447 V   0.54580 0.42074 0.03346 ( 1)  0.171
 448 E   0.08272 0.68008 0.23720 ( 2)  0.362
 449 R   0.94748 0.05191 0.00060 ( 1)  0.059
 450 Y   0.20991 0.71820 0.07189 ( 2)  0.270
 451 R   0.00494 0.40606 0.58900 ( 3)  0.511
 452 G   0.26411 0.68823 0.04766 ( 2)  0.247
 453 Q   0.24056 0.70268 0.05676 ( 2)  0.256
 454 L   0.77565 0.20283 0.02152 ( 1)  0.109
 455 Q   0.01882 0.88044 0.10074 ( 2)  0.328
 456 L   0.00014 0.21396 0.78591 ( 3)  0.585
 457 R   0.74522 0.24889 0.00588 ( 1)  0.111
 458 G   0.00000 0.02827 0.97173 ( 3)  0.653
 459 L   0.00014 0.26163 0.73823 ( 3)  0.567
 460 A   0.83751 0.15273 0.00976 ( 1)  0.090
 461 K   0.01300 0.84471 0.14229 ( 2)  0.345
 462 Y   0.85448 0.13819 0.00732 ( 1)  0.085
 463 V   0.12043 0.74215 0.13742 ( 2)  0.316
 464 K   0.96447 0.03528 0.00025 ( 1)  0.054
 465 Y   0.91542 0.08266 0.00192 ( 1)  0.067
 466 S   0.00684 0.74805 0.24511 ( 2)  0.384
 467 P   0.08614 0.68700 0.22686 ( 2)  0.358
 468 E   0.86596 0.13280 0.00124 ( 1)  0.079
 469 D   0.94106 0.05813 0.00081 ( 1)  0.060
 470 L   0.04482 0.81655 0.13862 ( 2)  0.335
 471 E   0.97583 0.02407 0.00011 ( 1)  0.051
 472 N   0.96114 0.03857 0.00029 ( 1)  0.055
 473 Q   0.94122 0.05798 0.00080 ( 1)  0.060
 474 I   0.20859 0.72321 0.06819 ( 2)  0.269
 475 V   0.03649 0.53859 0.42493 ( 2)  0.443
 476 D   0.94106 0.05813 0.00081 ( 1)  0.060
 477 I   0.23372 0.70750 0.05877 ( 2)  0.259
 478 F   0.89175 0.10476 0.00349 ( 1)  0.074
 479 A   0.54215 0.42451 0.03335 ( 1)  0.172
 480 G   0.00091 0.36625 0.63284 ( 3)  0.528

Positively selected sites

	Prob(w>1)  mean w



lnL = -10252.486289

