position	coverage
1	0.00202429149798
2	0.00202429149798
3	0.00202429149798
4	0.00202429149798
5	0.00202429149798
6	0.00202429149798
7	0.00202429149798
8	0.00202429149798
9	0.00202429149798
10	0.00202429149798
11	0.00202429149798
12	0.00202429149798
13	0.00202429149798
14	0.00202429149798
15	0.00202429149798
16	0.00202429149798
17	0.00202429149798
18	0.00202429149798
19	0.00202429149798
20	0.00202429149798
21	0.00202429149798
22	0.00202429149798
23	0.00202429149798
24	0.00202429149798
25	0.00202429149798
26	0.00202429149798
27	0.00202429149798
28	0.00202429149798
29	0.00404858299595
30	0.00404858299595
31	0.00404858299595
32	0.00607287449393
33	0.00607287449393
34	0.00607287449393
35	0.00607287449393
36	0.00607287449393
37	0.00607287449393
38	0.00607287449393
39	0.0080971659919
40	0.0101214574899
41	0.0101214574899
42	0.0101214574899
43	0.0101214574899
44	0.0101214574899
45	0.0141700404858
46	0.0141700404858
47	0.0141700404858
48	0.0141700404858
49	0.0141700404858
50	0.0141700404858
51	0.0141700404858
52	0.0141700404858
53	0.0141700404858
54	0.0141700404858
55	0.0182186234818
56	0.0202429149798
57	0.0202429149798
58	0.0202429149798
59	0.0202429149798
60	0.0202429149798
61	0.0202429149798
62	0.0222672064777
63	0.0222672064777
64	0.0242914979757
65	0.0242914979757
66	0.0283400809717
67	0.0303643724696
68	0.0404858299595
69	0.0425101214575
70	0.0465587044534
71	0.0485829959514
72	0.0526315789474
73	0.0587044534413
74	0.0647773279352
75	0.0769230769231
76	0.103238866397
77	0.119433198381
78	0.12955465587
79	0.137651821862
80	0.14979757085
81	0.15991902834
82	0.168016194332
83	0.18016194332
84	0.192307692308
85	0.236842105263
86	0.265182186235
87	0.295546558704
88	0.315789473684
89	0.327935222672
90	0.366396761134
91	0.423076923077
92	0.453441295547
93	0.475708502024
94	0.485829959514
95	0.495951417004
96	0.534412955466
97	0.548582995951
98	0.562753036437
99	0.566801619433
100	0.576923076923
101	0.585020242915
102	0.589068825911
103	0.593117408907
104	0.599190283401
105	0.599190283401
106	0.601214574899
107	0.607287449393
108	0.619433198381
109	0.623481781377
110	0.633603238866
111	0.635627530364
112	0.635627530364
113	0.637651821862
114	0.641700404858
115	0.645748987854
116	0.647773279352
117	0.647773279352
118	0.647773279352
119	0.64979757085
120	0.651821862348
121	0.651821862348
122	0.64979757085
123	0.64979757085
124	0.651821862348
125	0.64979757085
126	0.647773279352
127	0.64979757085
128	0.64979757085
129	0.645748987854
130	0.643724696356
131	0.641700404858
132	0.641700404858
133	0.637651821862
134	0.637651821862
135	0.637651821862
136	0.00202429149798
137	0.00202429149798
138	0.00202429149798
139	0.00202429149798
140	0.00202429149798
141	0.00202429149798
142	0.00202429149798
143	0.00202429149798
144	0.00404858299595
145	0.00404858299595
146	0.00404858299595
147	0.00404858299595
148	0.00404858299595
149	0.00404858299595
150	0.00607287449393
151	0.00607287449393
152	0.00607287449393
153	0.0080971659919
154	0.0080971659919
155	0.0080971659919
156	0.0080971659919
157	0.0121457489879
158	0.0141700404858
159	0.0202429149798
160	0.0202429149798
161	0.0202429149798
162	0.0222672064777
163	0.0222672064777
164	0.0263157894737
165	0.0323886639676
166	0.0344129554656
167	0.0384615384615
168	0.0465587044534
169	0.0546558704453
170	0.0607287449393
171	0.0627530364372
172	0.0668016194332
173	0.0769230769231
174	0.082995951417
175	0.087044534413
176	0.0910931174089
177	0.0991902834008
178	0.101214574899
179	0.105263157895
180	0.109311740891
181	0.111336032389
182	0.115384615385
183	0.117408906883
184	0.119433198381
185	0.121457489879
186	0.125506072874
187	0.127530364372
188	0.131578947368
189	0.133603238866
190	0.143724696356
191	0.145748987854
192	0.157894736842
193	0.192307692308
194	0.2004048583
195	0.204453441296
196	0.214574898785
197	0.226720647773
198	0.230769230769
199	0.240890688259
200	0.317813765182
201	0.32995951417
202	0.331983805668
203	0.331983805668
204	0.34008097166
205	0.342105263158
206	0.348178137652
207	0.354251012146
208	0.354251012146
209	0.354251012146
210	0.358299595142
211	0.362348178138
212	0.364372469636
213	0.366396761134
214	0.378542510121
215	0.378542510121
216	0.380566801619
217	0.390688259109
218	0.390688259109
219	0.400809716599
220	0.414979757085
221	0.427125506073
222	0.441295546559
223	0.445344129555
224	0.45951417004
225	0.465587044534
226	0.477732793522
227	0.485829959514
228	0.508097165992
229	0.514170040486
230	0.522267206478
231	0.524291497976
232	0.524291497976
233	0.524291497976
234	0.524291497976
235	0.524291497976
236	0.526315789474
237	0.528340080972
238	0.528340080972
239	0.528340080972
240	0.528340080972
241	0.528340080972
242	0.522267206478
243	0.52024291498
244	0.52024291498
245	0.516194331984
246	0.506072874494
247	0.495951417004
248	0.495951417004
249	0.481781376518
250	0.473684210526
251	0.471659919028
252	0.451417004049
253	0.429149797571
254	0.427125506073
255	0.419028340081
256	0.402834008097
257	0.390688259109
258	0.386639676113
259	0.380566801619
260	0.37044534413
261	0.352226720648
262	0.342105263158
263	0.338056680162
264	0.338056680162
265	0.31983805668
266	0.317813765182
267	0.315789473684
268	0.313765182186
269	0.307692307692
270	0.285425101215
271	0.279352226721
272	0.265182186235
273	0.206477732794
274	0.194331983806
275	0.194331983806
276	0.184210526316
277	0.13967611336
278	0.12955465587
279	0.121457489879
280	0.111336032389
281	0.0161943319838
282	0.0121457489879
283	0.0121457489879
284	0.0121457489879
285	0.0080971659919
286	0.0080971659919
287	0.0080971659919
288	0.0080971659919
289	0.00607287449393
290	0.00607287449393
291	0.00607287449393
292	0.00607287449393
293	0.00404858299595
294	0.00404858299595
295	0.00404858299595
296	0.00202429149798
297	0.00202429149798
298	0.00202429149798
299	0.00202429149798
300	0.00202429149798
301	0.00202429149798
302	0.00202429149798
303	0.00202429149798
304	0.00202429149798
305	0.00404858299595
306	0.00404858299595
307	0.00404858299595
308	0.00404858299595
309	0.0080971659919
310	0.0080971659919
311	0.0101214574899
312	0.0101214574899
313	0.0161943319838
314	0.0202429149798
315	0.0202429149798
316	0.0242914979757
317	0.0283400809717
318	0.0344129554656
319	0.0344129554656
320	0.0344129554656
321	0.0364372469636
322	0.0404858299595
323	0.0425101214575
324	0.0445344129555
325	0.0445344129555
326	0.0465587044534
327	0.0465587044534
328	0.0465587044534
329	0.0465587044534
330	0.0465587044534
331	0.0465587044534
332	0.0465587044534
333	0.0465587044534
334	0.0465587044534
335	0.0465587044534
336	0.0465587044534
337	0.0485829959514
338	0.0485829959514
339	0.0485829959514
340	0.0546558704453
341	0.0566801619433
342	0.0566801619433
343	0.0566801619433
344	0.0566801619433
345	0.0566801619433
346	0.0607287449393
347	0.0607287449393
348	0.0668016194332
349	0.0688259109312
350	0.0688259109312
351	0.0607287449393
352	0.0607287449393
353	0.0607287449393
354	0.0607287449393
355	0.0647773279352
356	0.0647773279352
357	0.0708502024291
358	0.0769230769231
359	0.603238866397
360	0.609311740891
361	0.617408906883
362	0.623481781377
363	0.627530364372
364	0.631578947368
365	0.633603238866
366	0.637651821862
367	0.637651821862
368	0.63967611336
369	0.641700404858
370	0.64979757085
371	0.653846153846
372	0.657894736842
373	0.661943319838
374	0.663967611336
375	0.665991902834
376	0.663967611336
377	0.663967611336
378	0.653846153846
379	0.653846153846
380	0.653846153846
381	0.651821862348
382	0.651821862348
383	0.645748987854
384	0.645748987854
385	0.63967611336
386	0.637651821862
387	0.633603238866
388	0.623481781377
389	0.623481781377
390	0.621457489879
391	0.615384615385
392	0.607287449393
393	0.216599190283
394	0.222672064777
395	0.204453441296
396	0.198380566802
397	0.196356275304
398	0.192307692308
399	0.186234817814
400	0.184210526316
401	0.182186234818
402	0.18016194332
403	0.18016194332
404	0.184210526316
405	0.224696356275
406	0.222672064777
407	0.222672064777
408	0.224696356275
409	0.226720647773
410	0.228744939271
411	0.279352226721
412	0.37044534413
413	0.378542510121
414	0.380566801619
415	0.378542510121
416	0.376518218623
417	0.376518218623
418	0.372469635628
419	0.372469635628
420	0.366396761134
421	0.0202429149798
422	0.0182186234818
423	0.0182186234818
424	0.0161943319838
425	0.0141700404858
426	0.0141700404858
427	0.0141700404858
428	0.0141700404858
429	0.0141700404858
430	0.0141700404858
431	0.0141700404858
432	0.0141700404858
433	0.0141700404858
434	0.0141700404858
435	0.0141700404858
436	0.0141700404858
437	0.0202429149798
438	0.433198380567
439	0.433198380567
440	0.439271255061
441	0.439271255061
442	0.439271255061
443	0.439271255061
444	0.441295546559
445	0.441295546559
446	0.437246963563
447	0.431174089069
448	0.427125506073
449	0.425101214575
450	0.421052631579
451	0.419028340081
452	0.419028340081
453	0.412955465587
454	0.408906882591
455	0.396761133603
456	0.388663967611
457	0.368421052632
458	0.344129554656
459	0.327935222672
460	0.281376518219
461	0.216599190283
462	0.168016194332
463	0.141700404858
464	0.121457489879
465	0.0910931174089
466	0.085020242915
467	0.0728744939271
468	0.0485829959514
469	0.0384615384615
470	0.0283400809717
471	0.0080971659919
472	0.0080971659919
473	0.00202429149798
474	0.00202429149798
475	0.00202429149798
476	0.00202429149798
477	0.00202429149798
478	0.00202429149798
479	0.00202429149798
480	0.00202429149798
481	0.00202429149798
482	0.00202429149798
483	0.00202429149798
484	0.00202429149798
485	0.00202429149798
486	0.00404858299595
487	0.0121457489879
488	0.0121457489879
489	0.0161943319838
490	0.0202429149798
491	0.0202429149798
492	0.0283400809717
493	0.574898785425
494	0.589068825911
495	0.609311740891
496	0.615384615385
497	0.623481781377
498	0.635627530364
499	0.63967611336
500	0.651821862348
501	0.655870445344
502	0.657894736842
503	0.668016194332
504	0.67004048583
505	0.678137651822
506	0.69028340081
507	0.69028340081
508	0.692307692308
509	0.696356275304
510	0.698380566802
511	0.696356275304
512	0.7004048583
513	0.698380566802
514	0.694331983806
515	0.0607287449393
516	0.704453441296
517	0.708502024291
518	0.712550607287
519	0.718623481781
520	0.718623481781
521	0.716599190283
522	0.718623481781
523	0.718623481781
524	0.722672064777
525	0.720647773279
526	0.720647773279
527	0.0748987854251
528	0.698380566802
529	0.702429149798
530	0.702429149798
531	0.702429149798
532	0.698380566802
533	0.0121457489879
534	0.0121457489879
535	0.0141700404858
536	0.0141700404858
537	0.0141700404858
538	0.0242914979757
539	0.0263157894737
540	0.0283400809717
541	0.68016194332
542	0.676113360324
543	0.0566801619433
544	0.0607287449393
545	0.0627530364372
546	0.0708502024291
547	0.692307692308
548	0.698380566802
549	0.706477732794
550	0.706477732794
551	0.708502024291
552	0.708502024291
553	0.710526315789
554	0.710526315789
555	0.00202429149798
556	0.00202429149798
557	0.00202429149798
558	0.00202429149798
559	0.00202429149798
560	0.00404858299595
561	0.00404858299595
562	0.00404858299595
563	0.00404858299595
564	0.00404858299595
565	0.00404858299595
566	0.00202429149798
567	0.00404858299595
568	0.00404858299595
569	0.0080971659919
570	0.0101214574899
571	0.0161943319838
572	0.0283400809717
573	0.627530364372
574	0.627530364372
575	0.627530364372
576	0.62955465587
577	0.105263157895
578	0.119433198381
579	0.133603238866
580	0.214574898785
581	0.682186234818
582	0.696356275304
583	0.702429149798
584	0.704453441296
585	0.706477732794
586	0.706477732794
587	0.706477732794
588	0.702429149798
589	0.692307692308
590	0.692307692308
591	0.688259109312
592	0.0141700404858
593	0.0141700404858
594	0.0141700404858
595	0.0141700404858
596	0.0161943319838
597	0.0242914979757
598	0.554655870445
599	0.556680161943
600	0.556680161943
601	0.550607287449
602	0.0141700404858
603	0.0121457489879
604	0.0080971659919
605	0.0080971659919
606	0.0101214574899
607	0.0101214574899
608	0.0101214574899
609	0.0101214574899
610	0.0121457489879
611	0.0202429149798
612	0.0323886639676
613	0.686234817814
614	0.688259109312
615	0.694331983806
616	0.696356275304
617	0.103238866397
618	0.742914979757
619	0.748987854251
620	0.759109311741
621	0.771255060729
622	0.769230769231
623	0.765182186235
624	0.765182186235
625	0.763157894737
626	0.0425101214575
627	0.0404858299595
628	0.0404858299595
629	0.0344129554656
630	0.746963562753
631	0.755060728745
632	0.757085020243
633	0.759109311741
634	0.759109311741
635	0.759109311741
636	0.759109311741
637	0.751012145749
638	0.748987854251
639	0.0344129554656
640	0.0344129554656
641	0.0344129554656
642	0.7004048583
643	0.706477732794
644	0.706477732794
645	0.0627530364372
646	0.720647773279
647	0.718623481781
648	0.0668016194332
649	0.0647773279352
650	0.0668016194332
651	0.724696356275
652	0.724696356275
653	0.724696356275
654	0.726720647773
655	0.722672064777
656	0.0222672064777
657	0.0222672064777
658	0.0303643724696
659	0.0384615384615
660	0.0425101214575
661	0.0425101214575
662	0.0485829959514
663	0.0587044534413
664	0.0607287449393
665	0.0708502024291
666	0.0728744939271
667	0.0769230769231
668	0.101214574899
669	0.218623481781
670	0.682186234818
671	0.692307692308
672	0.712550607287
673	0.736842105263
674	0.738866396761
675	0.738866396761
676	0.740890688259
677	0.734817813765
678	0.730769230769
679	0.726720647773
680	0.0344129554656
681	0.0263157894737
682	0.0182186234818
683	0.0182186234818
684	0.0182186234818
685	0.0182186234818
686	0.0182186234818
687	0.0182186234818
688	0.0182186234818
689	0.728744939271
690	0.730769230769
691	0.767206477733
692	0.765182186235
693	0.765182186235
694	0.765182186235
695	0.00202429149798
696	0.00202429149798
697	0.00202429149798
698	0.00202429149798
699	0.00202429149798
700	0.00202429149798
701	0.00202429149798
702	0.00202429149798
703	0.00202429149798
704	0.00404858299595
705	0.0080971659919
706	0.753036437247
707	0.763157894737
708	0.763157894737
709	0.00404858299595
710	0.00607287449393
711	0.00607287449393
712	0.0080971659919
713	0.0364372469636
714	0.674089068826
715	0.694331983806
716	0.694331983806
717	0.0465587044534
718	0.0546558704453
719	0.0161943319838
720	0.0161943319838
721	0.0182186234818
722	0.0202429149798
723	0.761133603239
724	0.759109311741
725	0.765182186235
726	0.775303643725
727	0.773279352227
728	0.771255060729
729	0.769230769231
730	0.0202429149798
731	0.0202429149798
732	0.0222672064777
733	0.0263157894737
734	0.0263157894737
735	0.0263157894737
736	0.0627530364372
737	0.651821862348
738	0.653846153846
739	0.0526315789474
740	0.0566801619433
741	0.0587044534413
742	0.082995951417
743	0.740890688259
744	0.748987854251
745	0.761133603239
746	0.759109311741
747	0.757085020243
748	0.0425101214575
749	0.0303643724696
750	0.0242914979757
751	0.0222672064777
752	0.0222672064777
753	0.0182186234818
754	0.0182186234818
755	0.0161943319838
756	0.0161943319838
757	0.0161943319838
758	0.0161943319838
759	0.0141700404858
760	0.0141700404858
761	0.0121457489879
762	0.803643724696
763	0.805668016194
764	0.803643724696
765	0.803643724696
766	0.795546558704
767	0.0404858299595
768	0.0384615384615
769	0.779352226721
770	0.781376518219
771	0.0242914979757
772	0.0202429149798
773	0.0161943319838
774	0.0141700404858
775	0.0141700404858
776	0.0141700404858
777	0.0141700404858
778	0.7995951417
779	0.803643724696
780	0.0445344129555
781	0.80971659919
782	0.80971659919
783	0.80971659919
784	0.80971659919
785	0.805668016194
786	0.0627530364372
787	0.787449392713
788	0.785425101215
789	0.789473684211
790	0.789473684211
791	0.789473684211
792	0.771255060729
793	0.771255060729
794	0.769230769231
795	0.771255060729
796	0.763157894737
797	0.757085020243
798	0.746963562753
799	0.724696356275
800	0.718623481781
801	0.15991902834
802	0.101214574899
803	0.0789473684211
804	0.0627530364372
805	0.0546558704453
806	0.0465587044534
807	0.0425101214575
808	0.0425101214575
809	0.0384615384615
810	0.0303643724696
811	0.0202429149798
812	0.0182186234818
813	0.0121457489879
814	0.0101214574899
815	0.0101214574899
816	0.00607287449393
817	0.00607287449393
818	0.00607287449393
819	0.00607287449393
820	0.00404858299595
821	0.00404858299595
822	0.00202429149798
823	0.00202429149798
824	0.00202429149798
825	0.00202429149798
826	0.00202429149798
827	0.00404858299595
828	0.00404858299595
829	0.00202429149798
830	0.00202429149798
831	0.00404858299595
832	0.00404858299595
833	0.00404858299595
834	0.00404858299595
835	0.00404858299595
836	0.00404858299595
837	0.00607287449393
838	0.00607287449393
839	0.0101214574899
840	0.00607287449393
841	0.0080971659919
842	0.00202429149798
843	0.00202429149798
844	0.755060728745
845	0.757085020243
846	0.759109311741
847	0.761133603239
848	0.763157894737
849	0.769230769231
850	0.771255060729
851	0.787449392713
852	0.7995951417
853	0.801619433198
854	0.805668016194
855	0.803643724696
856	0.0242914979757
857	0.0242914979757
858	0.0242914979757
859	0.0242914979757
860	0.81983805668
861	0.81983805668
862	0.823886639676
863	0.825910931174
864	0.825910931174
865	0.823886639676
866	0.823886639676
867	0.0323886639676
868	0.0323886639676
869	0.823886639676
870	0.825910931174
871	0.0364372469636
872	0.0404858299595
873	0.789473684211
874	0.793522267206
875	0.7995951417
876	0.7995951417
877	0.7995951417
878	0.7995951417
879	0.797570850202
880	0.795546558704
881	0.00404858299595
882	0.00607287449393
883	0.00607287449393
884	0.00607287449393
885	0.00607287449393
886	0.00404858299595
887	0.00202429149798
888	0.00202429149798
889	0.00202429149798
890	0.00404858299595
891	0.00404858299595
892	0.0080971659919
893	0.0101214574899
894	0.0222672064777
895	0.781376518219
896	0.783400809717
897	0.783400809717
898	0.783400809717
899	0.783400809717
900	0.0303643724696
901	0.0303643724696
902	0.0404858299595
903	0.0587044534413
904	0.087044534413
905	0.431174089069
906	0.716599190283
907	0.738866396761
908	0.744939271255
909	0.742914979757
910	0.742914979757
911	0.738866396761
912	0.738866396761
913	0.346153846154
914	0.0384615384615
915	0.0263157894737
916	0.0202429149798
917	0.0161943319838
918	0.0161943319838
919	0.0222672064777
920	0.0222672064777
921	0.807692307692
922	0.807692307692
923	0.80971659919
924	0.811740890688
925	0.815789473684
926	0.811740890688
927	0.80971659919
928	0.811740890688
929	0.811740890688
930	0.00607287449393
931	0.811740890688
932	0.80971659919
933	0.80971659919
934	0.80971659919
935	0.80971659919
936	0.80971659919
937	0.00202429149798
938	0.00202429149798
939	0.00202429149798
940	0.00202429149798
941	0.00202429149798
942	0.00202429149798
943	0.765182186235
944	0.765182186235
945	0.0910931174089
946	0.082995951417
947	0.0101214574899
948	0.0080971659919
949	0.0080971659919
950	0.0101214574899
951	0.751012145749
952	0.775303643725
953	0.775303643725
954	0.775303643725
955	0.779352226721
956	0.775303643725
957	0.775303643725
958	0.773279352227
959	0.0141700404858
960	0.0161943319838
961	0.692307692308
962	0.657894736842
963	0.661943319838
964	0.704453441296
965	0.7004048583
966	0.668016194332
967	0.65991902834
968	0.0485829959514
969	0.0485829959514
970	0.0445344129555
971	0.0445344129555
972	0.0546558704453
973	0.0546558704453
974	0.0546558704453
975	0.0546558704453
976	0.0566801619433
977	0.0566801619433
978	0.0566801619433
979	0.0627530364372
980	0.64979757085
981	0.651821862348
982	0.64979757085
983	0.64979757085
984	0.643724696356
985	0.619433198381
986	0.522267206478
987	0.508097165992
988	0.487854251012
989	0.475708502024
990	0.45951417004
991	0.368421052632
992	0.307692307692
993	0.287449392713
994	0.246963562753
995	0.226720647773
996	0.14979757085
997	0.137651821862
998	0.111336032389
999	0.0931174089069
1000	0.0566801619433
1001	0.0485829959514
1002	0.0445344129555
1003	0.0121457489879
1004	0.0141700404858
1005	0.0141700404858
1006	0.0080971659919
1007	0.0080971659919
1008	0.00607287449393
1009	0.00607287449393
1010	0.00607287449393
1011	0.0182186234818
1012	0.0202429149798
1013	0.0202429149798
1014	0.0202429149798
1015	0.0202429149798
1016	0.0202429149798
1017	0.0182186234818
1018	0.00202429149798
1019	0.00202429149798
1020	0.00202429149798
1021	0.00202429149798
1022	0.00202429149798
1023	0.00404858299595
1024	0.0101214574899
1025	0.783400809717
1026	0.7995951417
1027	0.803643724696
1028	0.80971659919
1029	0.80971659919
1030	0.807692307692
1031	0.80971659919
1032	0.80971659919
1033	0.807692307692
1034	0.807692307692
1035	0.0607287449393
1036	0.84008097166
1037	0.842105263158
1038	0.846153846154
1039	0.848178137652
1040	0.85020242915
1041	0.848178137652
1042	0.848178137652
1043	0.848178137652
1044	0.848178137652
1045	0.0425101214575
1046	0.37044534413
1047	0.366396761134
1048	0.0141700404858
1049	0.0121457489879
1050	0.0121457489879
1051	0.0101214574899
1052	0.0101214574899
1053	0.767206477733
1054	0.767206477733
1055	0.0364372469636
1056	0.0364372469636
1057	0.0627530364372
1058	0.0708502024291
1059	0.753036437247
1060	0.354251012146
1061	0.358299595142
1062	0.753036437247
1063	0.751012145749
1064	0.0080971659919
1065	0.0080971659919
1066	0.00404858299595
1067	0.00404858299595
1068	0.00404858299595
1069	0.00404858299595
1070	0.00404858299595
1071	0.82995951417
1072	0.834008097166
1073	0.834008097166
1074	0.0323886639676
1075	0.846153846154
1076	0.854251012146
1077	0.858299595142
1078	0.86032388664
1079	0.0121457489879
1080	0.838056680162
1081	0.844129554656
1082	0.844129554656
1083	0.846153846154
1084	0.846153846154
1085	0.842105263158
1086	0.0080971659919
1087	0.0080971659919
1088	0.0080971659919
1089	0.0080971659919
1090	0.0101214574899
1091	0.834008097166
1092	0.834008097166
1093	0.0222672064777
1094	0.0303643724696
1095	0.815789473684
1096	0.815789473684
1097	0.815789473684
1098	0.813765182186
1099	0.813765182186
1100	0.813765182186
1101	0.0465587044534
1102	0.12955465587
1103	0.0121457489879
1104	0.00607287449393
1105	0.00404858299595
1106	0.00404858299595
1107	0.00404858299595
1108	0.00202429149798
1109	0.0080971659919
1110	0.00607287449393
1111	0.00404858299595
1112	0.0121457489879
1113	0.00202429149798
1114	0.00202429149798
1115	0.00202429149798
1116	0.00202429149798
1117	0.00607287449393
1118	0.00607287449393
1119	0.00404858299595
1120	0.00404858299595
1121	0.00404858299595
1122	0.00404858299595
1123	0.00607287449393
1124	0.817813765182
1125	0.81983805668
1126	0.815789473684
1127	0.0222672064777
1128	0.0222672064777
1129	0.0222672064777
1130	0.0222672064777
1131	0.0263157894737
1132	0.781376518219
1133	0.785425101215
1134	0.785425101215
1135	0.0283400809717
1136	0.0283400809717
1137	0.777327935223
1138	0.0121457489879
1139	0.0121457489879
1140	0.0222672064777
1141	0.765182186235
1142	0.00607287449393
1143	0.00404858299595
1144	0.00404858299595
1145	0.00404858299595
1146	0.00607287449393
1147	0.793522267206
1148	0.795546558704
1149	0.801619433198
1150	0.7995951417
1151	0.0182186234818
1152	0.0242914979757
1153	0.0263157894737
1154	0.0263157894737
1155	0.769230769231
1156	0.736842105263
1157	0.0101214574899
1158	0.0101214574899
1159	0.0101214574899
1160	0.0121457489879
1161	0.0121457489879
1162	0.633603238866
1163	0.633603238866
1164	0.647773279352
1165	0.817813765182
1166	0.817813765182
1167	0.817813765182
1168	0.817813765182
1169	0.0607287449393
1170	0.0607287449393
1171	0.0080971659919
1172	0.00404858299595
1173	0.00404858299595
1174	0.00404858299595
1175	0.00404858299595
1176	0.00404858299595
1177	0.00404858299595
1178	0.00404858299595
1179	0.00404858299595
1180	0.00404858299595
1181	0.00404858299595
1182	0.00404858299595
1183	0.00404858299595
1184	0.00607287449393
1185	0.00607287449393
1186	0.00607287449393
1187	0.00607287449393
1188	0.00607287449393
1189	0.00607287449393
1190	0.00607287449393
1191	0.00607287449393
1192	0.00607287449393
1193	0.00607287449393
1194	0.00607287449393
1195	0.0607287449393
1196	0.807692307692
1197	0.80971659919
1198	0.80971659919
1199	0.80971659919
1200	0.0161943319838
1201	0.0141700404858
1202	0.0141700404858
1203	0.0141700404858
1204	0.80971659919
1205	0.0465587044534
1206	0.0465587044534
1207	0.0465587044534
1208	0.0465587044534
1209	0.831983805668
1210	0.831983805668
1211	0.831983805668
1212	0.821862348178
1213	0.0101214574899
1214	0.0121457489879
1215	0.82995951417
1216	0.82995951417
1217	0.827935222672
1218	0.823886639676
1219	0.81983805668
1220	0.0748987854251
1221	0.0769230769231
1222	0.0971659919028
1223	0.769230769231
1224	0.771255060729
1225	0.773279352227
1226	0.773279352227
1227	0.773279352227
1228	0.0910931174089
1229	0.0910931174089
1230	0.204453441296
1231	0.202429149798
1232	0.362348178138
1233	0.147773279352
1234	0.135627530364
1235	0.123481781377
1236	0.115384615385
1237	0.109311740891
1238	0.265182186235
1239	0.257085020243
1240	0.153846153846
1241	0.0951417004049
1242	0.0688259109312
1243	0.0607287449393
1244	0.0587044534413
1245	0.0526315789474
1246	0.0141700404858
1247	0.0101214574899
1248	0.00607287449393
1249	0.00404858299595
1250	0.00404858299595
1251	0.00404858299595
1252	0.00202429149798
1253	0.00202429149798
1254	0.00404858299595
1255	0.00404858299595
1256	0.00404858299595
1257	0.00404858299595
1258	0.00607287449393
1259	0.0080971659919
1260	0.0080971659919
1261	0.0121457489879
1262	0.0121457489879
1263	0.0121457489879
1264	0.0141700404858
1265	0.0080971659919
1266	0.0101214574899
1267	0.0101214574899
1268	0.0101214574899
1269	0.0425101214575
1270	0.0607287449393
1271	0.103238866397
1272	0.141700404858
1273	0.682186234818
1274	0.720647773279
1275	0.734817813765
1276	0.748987854251
1277	0.748987854251
1278	0.753036437247
1279	0.732793522267
1280	0.734817813765
1281	0.736842105263
1282	0.736842105263
1283	0.738866396761
1284	0.757085020243
1285	0.753036437247
1286	0.748987854251
1287	0.0303643724696
1288	0.0303643724696
1289	0.0303643724696
1290	0.0242914979757
1291	0.0242914979757
1292	0.0242914979757
1293	0.495951417004
1294	0.495951417004
1295	0.0141700404858
1296	0.0141700404858
1297	0.0121457489879
1298	0.0101214574899
1299	0.0121457489879
1300	0.54048582996
1301	0.00202429149798
1302	0.00202429149798
1303	0.00202429149798
1304	0.00202429149798
1305	0.00202429149798
1306	0.00202429149798
1307	0.00202429149798
1308	0.00202429149798
1309	0.00202429149798
1310	0.00202429149798
1311	0.00202429149798
1312	0.00202429149798
1313	0.00202429149798
1314	0.00202429149798
1315	0.00202429149798
1316	0.00202429149798
1317	0.00202429149798
1318	0.00202429149798
1319	0.00202429149798
1320	0.00202429149798
1321	0.00202429149798
1322	0.00202429149798
1323	0.00202429149798
1324	0.00202429149798
1325	0.00202429149798
1326	0.00202429149798
1327	0.00202429149798
1328	0.00202429149798
1329	0.00202429149798
1330	0.00202429149798
1331	0.00202429149798
1332	0.00202429149798
1333	0.00202429149798
1334	0.00202429149798
1335	0.00202429149798
1336	0.00202429149798
1337	0.00202429149798
1338	0.00202429149798
1339	0.00202429149798
1340	0.00202429149798
1341	0.00202429149798
1342	0.00202429149798
1343	0.00202429149798
1344	0.00202429149798
1345	0.00202429149798
1346	0.00202429149798
1347	0.00202429149798
1348	0.00202429149798
1349	0.00202429149798
1350	0.00202429149798
1351	0.00202429149798
1352	0.00202429149798
1353	0.00202429149798
1354	0.00202429149798
1355	0.00202429149798
1356	0.00202429149798
1357	0.00202429149798
1358	0.00202429149798
1359	0.00202429149798
1360	0.00202429149798
1361	0.00202429149798
1362	0.00202429149798
1363	0.00202429149798
1364	0.00202429149798
1365	0.00202429149798
1366	0.00202429149798
1367	0.00202429149798
1368	0.00202429149798
1369	0.00202429149798
1370	0.00202429149798
1371	0.00202429149798
1372	0.00202429149798
1373	0.00202429149798
1374	0.00202429149798
1375	0.00202429149798
1376	0.00202429149798
1377	0.00202429149798
1378	0.00202429149798
1379	0.00202429149798
1380	0.00202429149798
1381	0.00202429149798
1382	0.00202429149798
1383	0.00202429149798
1384	0.00202429149798
1385	0.00202429149798
1386	0.00202429149798
1387	0.00202429149798
1388	0.00202429149798
1389	0.00202429149798
1390	0.00202429149798
1391	0.00202429149798
1392	0.00202429149798
1393	0.00202429149798
1394	0.00202429149798
1395	0.00202429149798
1396	0.00202429149798
1397	0.00202429149798
1398	0.00202429149798
1399	0.00202429149798
1400	0.00202429149798
1401	0.00202429149798
1402	0.00202429149798
1403	0.00202429149798
1404	0.00202429149798
1405	0.00202429149798
1406	0.00202429149798
1407	0.00202429149798
1408	0.00202429149798
1409	0.00202429149798
1410	0.00202429149798
1411	0.00202429149798
1412	0.00202429149798
1413	0.00202429149798
1414	0.00202429149798
1415	0.00202429149798
1416	0.00202429149798
1417	0.00202429149798
1418	0.00202429149798
1419	0.00202429149798
1420	0.00202429149798
1421	0.00202429149798
1422	0.00202429149798
1423	0.00202429149798
1424	0.00202429149798
1425	0.00202429149798
1426	0.00202429149798
1427	0.00202429149798
1428	0.00202429149798
1429	0.00202429149798
1430	0.00202429149798
1431	0.00202429149798
1432	0.00202429149798
1433	0.00202429149798
1434	0.00202429149798
1435	0.00202429149798
1436	0.00202429149798
1437	0.00202429149798
1438	0.00202429149798
1439	0.00202429149798
1440	0.00202429149798
1441	0.00202429149798
1442	0.00202429149798
1443	0.00202429149798
1444	0.00202429149798
1445	0.00202429149798
1446	0.00202429149798
1447	0.00202429149798
1448	0.00202429149798
1449	0.00202429149798
1450	0.00202429149798
1451	0.00202429149798
1452	0.00202429149798
1453	0.00202429149798
1454	0.00202429149798
1455	0.00202429149798
1456	0.00202429149798
1457	0.00202429149798
1458	0.00202429149798
1459	0.00202429149798
1460	0.00202429149798
1461	0.00202429149798
1462	0.00202429149798
1463	0.00202429149798
1464	0.00202429149798
1465	0.00202429149798
1466	0.00202429149798
1467	0.00202429149798
1468	0.00202429149798
1469	0.00202429149798
1470	0.00202429149798
1471	0.00202429149798
1472	0.00202429149798
1473	0.00202429149798
1474	0.00202429149798
1475	0.00202429149798
1476	0.00202429149798
1477	0.00202429149798
1478	0.00202429149798
1479	0.00202429149798
1480	0.00202429149798
1481	0.00202429149798
1482	0.00202429149798
1483	0.00202429149798
1484	0.00202429149798
1485	0.00202429149798
1486	0.00202429149798
1487	0.00202429149798
1488	0.00202429149798
1489	0.00202429149798
1490	0.00202429149798
1491	0.00202429149798
1492	0.00202429149798
1493	0.00202429149798
1494	0.00202429149798
1495	0.00202429149798
1496	0.00202429149798
1497	0.00202429149798
1498	0.00202429149798
1499	0.00202429149798
1500	0.00202429149798
1501	0.00202429149798
1502	0.00202429149798
1503	0.00202429149798
1504	0.00202429149798
1505	0.00202429149798
1506	0.00202429149798
1507	0.00202429149798
1508	0.00202429149798
1509	0.00202429149798
1510	0.00202429149798
1511	0.00202429149798
1512	0.00202429149798
1513	0.00202429149798
1514	0.00202429149798
1515	0.00202429149798
1516	0.00202429149798
1517	0.00202429149798
1518	0.00202429149798
1519	0.00202429149798
1520	0.00202429149798
1521	0.00202429149798
1522	0.00202429149798
1523	0.00202429149798
1524	0.00202429149798
1525	0.00202429149798
1526	0.00202429149798
1527	0.00202429149798
1528	0.00202429149798
1529	0.00202429149798
1530	0.00202429149798
1531	0.00202429149798
1532	0.00202429149798
1533	0.00202429149798
1534	0.00202429149798
1535	0.00202429149798
1536	0.00202429149798
1537	0.00202429149798
1538	0.00202429149798
1539	0.00202429149798
1540	0.00202429149798
1541	0.00202429149798
1542	0.00202429149798
1543	0.00202429149798
1544	0.00202429149798
1545	0.00202429149798
1546	0.00202429149798
1547	0.00202429149798
1548	0.00202429149798
1549	0.00202429149798
1550	0.00202429149798
1551	0.00202429149798
1552	0.00202429149798
1553	0.00202429149798
1554	0.00202429149798
1555	0.00202429149798
1556	0.00202429149798
1557	0.00202429149798
1558	0.00202429149798
1559	0.00202429149798
1560	0.00202429149798
1561	0.00202429149798
1562	0.00202429149798
1563	0.00202429149798
1564	0.00202429149798
1565	0.00202429149798
1566	0.00202429149798
1567	0.00202429149798
1568	0.00202429149798
1569	0.00202429149798
1570	0.00202429149798
1571	0.00202429149798
1572	0.00202429149798
1573	0.00202429149798
1574	0.00202429149798
1575	0.00202429149798
1576	0.00202429149798
1577	0.00202429149798
1578	0.00202429149798
1579	0.00202429149798
1580	0.00202429149798
1581	0.00202429149798
1582	0.00202429149798
1583	0.00202429149798
1584	0.00202429149798
1585	0.00202429149798
1586	0.00202429149798
1587	0.00202429149798
1588	0.00202429149798
1589	0.00202429149798
1590	0.00202429149798
1591	0.00202429149798
1592	0.00202429149798
1593	0.00202429149798
1594	0.00202429149798
1595	0.00202429149798
1596	0.00202429149798
1597	0.00202429149798
1598	0.00202429149798
1599	0.00202429149798
1600	0.00202429149798
1601	0.00202429149798
1602	0.00202429149798
1603	0.00202429149798
1604	0.00202429149798
1605	0.00202429149798
1606	0.00202429149798
1607	0.00202429149798
1608	0.00202429149798
1609	0.00202429149798
1610	0.00202429149798
1611	0.00202429149798
1612	0.00202429149798
1613	0.00202429149798
1614	0.00202429149798
1615	0.00202429149798
1616	0.00202429149798
1617	0.00202429149798
1618	0.00202429149798
1619	0.00202429149798
1620	0.00202429149798
1621	0.00202429149798
1622	0.00202429149798
1623	0.00202429149798
1624	0.00202429149798
1625	0.00202429149798
1626	0.00202429149798
1627	0.00202429149798
1628	0.00202429149798
1629	0.00202429149798
1630	0.00202429149798
1631	0.00202429149798
1632	0.00202429149798
1633	0.00202429149798
1634	0.00202429149798
1635	0.00202429149798
1636	0.00202429149798
1637	0.00202429149798
1638	0.00202429149798
1639	0.00202429149798
1640	0.00202429149798
1641	0.00202429149798
1642	0.00202429149798
1643	0.00202429149798
1644	0.00202429149798
1645	0.00202429149798
1646	0.00202429149798
1647	0.00202429149798
1648	0.00202429149798
1649	0.00202429149798
1650	0.00202429149798
1651	0.00202429149798
1652	0.00202429149798
1653	0.00202429149798
1654	0.00202429149798
1655	0.00202429149798
1656	0.00202429149798
1657	0.00202429149798
1658	0.00202429149798
1659	0.00202429149798
1660	0.00202429149798
1661	0.00202429149798
1662	0.00202429149798
1663	0.00202429149798
1664	0.00202429149798
1665	0.00202429149798
1666	0.00202429149798
1667	0.00202429149798
1668	0.00202429149798
1669	0.00202429149798
1670	0.00202429149798
1671	0.00202429149798
1672	0.00202429149798
1673	0.00202429149798
1674	0.00202429149798
1675	0.00202429149798
1676	0.00202429149798
1677	0.00202429149798
1678	0.00202429149798
1679	0.00202429149798
1680	0.00202429149798
1681	0.00202429149798
1682	0.00202429149798
1683	0.00202429149798
1684	0.00202429149798
1685	0.00202429149798
1686	0.00202429149798
1687	0.00202429149798
1688	0.00202429149798
1689	0.00202429149798
1690	0.00202429149798
1691	0.00202429149798
1692	0.00202429149798
1693	0.00202429149798
1694	0.00202429149798
1695	0.00202429149798
1696	0.00202429149798
1697	0.00202429149798
1698	0.00202429149798
1699	0.00202429149798
1700	0.00202429149798
1701	0.00202429149798
1702	0.00202429149798
1703	0.00202429149798
1704	0.00202429149798
1705	0.00202429149798
1706	0.00202429149798
1707	0.00202429149798
1708	0.00202429149798
1709	0.00202429149798
1710	0.00202429149798
1711	0.00202429149798
1712	0.00202429149798
1713	0.00202429149798
1714	0.00202429149798
1715	0.00202429149798
1716	0.00202429149798
1717	0.00202429149798
1718	0.00202429149798
1719	0.00202429149798
1720	0.00202429149798
1721	0.00202429149798
1722	0.00202429149798
1723	0.00202429149798
1724	0.00202429149798
1725	0.645748987854
1726	0.641700404858
1727	0.111336032389
1728	0.797570850202
1729	0.797570850202
1730	0.7995951417
1731	0.7995951417
1732	0.7995951417
1733	0.797570850202
1734	0.0101214574899
1735	0.0101214574899
1736	0.0101214574899
1737	0.0101214574899
1738	0.0101214574899
1739	0.838056680162
1740	0.838056680162
1741	0.0303643724696
1742	0.82995951417
1743	0.82995951417
1744	0.825910931174
1745	0.0161943319838
1746	0.779352226721
1747	0.775303643725
1748	0.0364372469636
1749	0.805668016194
1750	0.807692307692
1751	0.805668016194
1752	0.00202429149798
1753	0.00404858299595
1754	0.00404858299595
1755	0.785425101215
1756	0.795546558704
1757	0.793522267206
1758	0.00607287449393
1759	0.823886639676
1760	0.825910931174
1761	0.825910931174
1762	0.834008097166
1763	0.827935222672
1764	0.825910931174
1765	0.823886639676
1766	0.81983805668
1767	0.00404858299595
1768	0.00404858299595
1769	0.00404858299595
1770	0.815789473684
1771	0.81983805668
1772	0.817813765182
1773	0.815789473684
1774	0.813765182186
1775	0.813765182186
1776	0.0283400809717
1777	0.795546558704
1778	0.801619433198
1779	0.80971659919
1780	0.0080971659919
1781	0.781376518219
1782	0.783400809717
1783	0.781376518219
1784	0.0080971659919
1785	0.771255060729
1786	0.769230769231
1787	0.0141700404858
1788	0.0121457489879
1789	0.0121457489879
1790	0.0121457489879
1791	0.0121457489879
1792	0.0121457489879
1793	0.0121457489879
1794	0.0121457489879
1795	0.777327935223
1796	0.777327935223
1797	0.785425101215
1798	0.787449392713
1799	0.787449392713
1800	0.787449392713
1801	0.781376518219
1802	0.779352226721
1803	0.771255060729
1804	0.00202429149798
1805	0.00202429149798
1806	0.00202429149798
1807	0.00202429149798
1808	0.00202429149798
1809	0.00202429149798
1810	0.00202429149798
1811	0.00202429149798
1812	0.00202429149798
1813	0.00202429149798
1814	0.00202429149798
1815	0.00202429149798
1816	0.00202429149798
1817	0.00607287449393
1818	0.00607287449393
1819	0.00607287449393
1820	0.00607287449393
1821	0.00607287449393
1822	0.0080971659919
1823	0.0080971659919
1824	0.0101214574899
1825	0.0121457489879
1826	0.0080971659919
1827	0.0121457489879
1828	0.0121457489879
1829	0.0121457489879
1830	0.0141700404858
1831	0.0323886639676
1832	0.457489878543
1833	0.483805668016
1834	0.564777327935
1835	0.593117408907
1836	0.607287449393
1837	0.617408906883
1838	0.651821862348
1839	0.69028340081
1840	0.712550607287
1841	0.728744939271
1842	0.726720647773
1843	0.726720647773
1844	0.712550607287
1845	0.0202429149798
1846	0.0182186234818
1847	0.427125506073
1848	0.427125506073
1849	0.143724696356
1850	0.141700404858
1851	0.0101214574899
1852	0.00607287449393
1853	0.00607287449393
1854	0.00404858299595
1855	0.0222672064777
1856	0.00404858299595
1857	0.00202429149798
1858	0.00202429149798
1859	0.00202429149798
1860	0.00202429149798
1861	0.00202429149798
1862	0.00202429149798
1863	0.00202429149798
1864	0.00202429149798
1865	0.00202429149798
1866	0.00202429149798
1867	0.00202429149798
1868	0.00202429149798
1869	0.00202429149798
1870	0.00202429149798
1871	0.0202429149798
1872	0.00404858299595
1873	0.00404858299595
1874	0.00404858299595
1875	0.00404858299595
1876	0.00404858299595
1877	0.00202429149798
1878	0.00202429149798
1879	0.00202429149798
1880	0.00202429149798
1881	0.00202429149798
1882	0.730769230769
1883	0.730769230769
1884	0.00404858299595
1885	0.00404858299595
1886	0.0080971659919
1887	0.00404858299595
1888	0.00404858299595
1889	0.00404858299595
1890	0.00404858299595
1891	0.00404858299595
1892	0.00404858299595
1893	0.00404858299595
1894	0.00404858299595
1895	0.00404858299595
1896	0.00607287449393
1897	0.00607287449393
1898	0.0141700404858
1899	0.0222672064777
1900	0.746963562753
1901	0.748987854251
1902	0.759109311741
1903	0.763157894737
1904	0.761133603239
1905	0.759109311741
1906	0.00202429149798
1907	0.00202429149798
1908	0.00202429149798
1909	0.00202429149798
1910	0.00202429149798
1911	0.00202429149798
1912	0.00202429149798
1913	0.00202429149798
1914	0.00202429149798
1915	0.00202429149798
1916	0.00202429149798
1917	0.00404858299595
1918	0.00607287449393
1919	0.00607287449393
1920	0.0080971659919
1921	0.744939271255
1922	0.742914979757
1923	0.435222672065
1924	0.293522267206
1925	0.285425101215
1926	0.289473684211
1927	0.257085020243
1928	0.234817813765
1929	0.497975708502
1930	0.48987854251
1931	0.481781376518
1932	0.46963562753
1933	0.437246963563
1934	0.421052631579
1935	0.390688259109
1936	0.35020242915
1937	0.305668016194
1938	0.248987854251
1939	0.238866396761
1940	0.216599190283
1941	0.184210526316
1942	0.143724696356
1943	0.125506072874
1944	0.117408906883
1945	0.113360323887
1946	0.113360323887
1947	0.113360323887
1948	0.111336032389
1949	0.109311740891
1950	0.109311740891
1951	0.107287449393
1952	0.101214574899
1953	0.0991902834008
1954	0.0931174089069
1955	0.0910931174089
1956	0.0506072874494
1957	0.0485829959514
1958	0.0425101214575
1959	0.0425101214575
1960	0.0344129554656
1961	0.0323886639676
1962	0.0202429149798
1963	0.0161943319838
1964	0.0161943319838
1965	0.0161943319838
1966	0.0121457489879
1967	0.0121457489879
1968	0.0121457489879
1969	0.0080971659919
1970	0.0080971659919
1971	0.0080971659919
1972	0.00607287449393
1973	0.00607287449393
1974	0.00607287449393
1975	0.00607287449393
1976	0.00607287449393
1977	0.00607287449393
1978	0.00404858299595
1979	0.00404858299595
1980	0.00404858299595
1981	0.00404858299595
1982	0.00404858299595
1983	0.00404858299595
1984	0.00404858299595
1985	0.00404858299595
1986	0.00404858299595
1987	0.00202429149798
1988	0.00202429149798
1989	0.00202429149798
1990	0.00202429149798
1991	0.00202429149798
1992	0.00202429149798
1993	0.00202429149798
1994	0.00202429149798
1995	0.00202429149798
1996	0.00202429149798
1997	0.00202429149798
1998	0.00202429149798
1999	0.00202429149798
2000	0.00202429149798
2001	0.00202429149798
2002	0.00202429149798
2003	0.00202429149798
2004	0.00202429149798
2005	0.00202429149798
2006	0.00202429149798
2007	0.00202429149798
2008	0.00202429149798
2009	0.00202429149798
2010	0.00202429149798
2011	0.00202429149798
2012	0.00202429149798
2013	0.00202429149798
2014	0.00202429149798
2015	0.00202429149798
2016	0.00202429149798
2017	0.00202429149798
2018	0.00202429149798
2019	0.00202429149798
2020	0.00202429149798
2021	0.00202429149798
2022	0.00202429149798
2023	0.00202429149798
2024	0.00202429149798
2025	0.00202429149798
2026	0.00202429149798
2027	0.00202429149798
2028	0.00202429149798
2029	0.00202429149798
2030	0.00202429149798
2031	0.00202429149798
2032	0.00202429149798
2033	0.00202429149798
2034	0.00202429149798
2035	0.00202429149798
2036	0.00202429149798
2037	0.00202429149798
2038	0.00202429149798
2039	0.00202429149798
2040	0.00202429149798
2041	0.00202429149798
2042	0.00202429149798
2043	0.00202429149798
2044	0.00202429149798
2045	0.00202429149798
2046	0.00202429149798
2047	0.00202429149798
2048	0.00202429149798
2049	0.00202429149798
2050	0.00202429149798
2051	0.00202429149798
2052	0.00202429149798
2053	0.00202429149798
2054	0.00202429149798
2055	0.00202429149798
2056	0.00202429149798
2057	0.00202429149798
2058	0.00202429149798
2059	0.00202429149798
2060	0.00202429149798
2061	0.00202429149798
2062	0.00202429149798
2063	0.00202429149798
2064	0.00202429149798
2065	0.00202429149798
2066	0.00202429149798
2067	0.00202429149798
2068	0.00202429149798
2069	0.00202429149798
2070	0.00202429149798
2071	0.00202429149798
2072	0.00202429149798
2073	0.00202429149798
2074	0.00202429149798
2075	0.00202429149798
2076	0.00202429149798
2077	0.00202429149798
2078	0.00202429149798
2079	0.00202429149798
2080	0.00202429149798
2081	0.00202429149798
2082	0.00202429149798
2083	0.00202429149798
2084	0.00202429149798
2085	0.00202429149798
2086	0.00202429149798
2087	0.00202429149798
2088	0.00202429149798
2089	0.00202429149798
2090	0.00202429149798
2091	0.00202429149798
2092	0.00202429149798
2093	0.00202429149798
2094	0.00202429149798
2095	0.00202429149798
2096	0.00202429149798
2097	0.00202429149798
2098	0.00202429149798
2099	0.00202429149798
2100	0.00202429149798
2101	0.00202429149798
2102	0.00202429149798
2103	0.00202429149798
2104	0.00202429149798
2105	0.00202429149798
2106	0.00202429149798
2107	0.00202429149798
2108	0.00202429149798
2109	0.00202429149798
2110	0.00202429149798
2111	0.00202429149798
2112	0.00202429149798
2113	0.00202429149798
2114	0.00202429149798
2115	0.00202429149798
2116	0.00202429149798
2117	0.00202429149798
2118	0.00202429149798
2119	0.00202429149798
2120	0.00202429149798
2121	0.00202429149798
2122	0.00202429149798
2123	0.00202429149798
2124	0.00202429149798
2125	0.00202429149798
2126	0.00202429149798
2127	0.00202429149798
2128	0.00202429149798
2129	0.00202429149798
2130	0.00202429149798
2131	0.00202429149798
2132	0.00202429149798
2133	0.00202429149798
2134	0.00202429149798
2135	0.00202429149798
2136	0.00202429149798
2137	0.00202429149798
2138	0.00202429149798
2139	0.00202429149798
2140	0.00202429149798
2141	0.00202429149798
2142	0.00202429149798
2143	0.00202429149798
2144	0.00202429149798
2145	0.00202429149798
2146	0.00202429149798
2147	0.00202429149798
2148	0.00202429149798
2149	0.00202429149798
2150	0.00202429149798
2151	0.00202429149798
2152	0.00202429149798
2153	0.00202429149798
2154	0.00202429149798
2155	0.00202429149798
2156	0.00202429149798
2157	0.00202429149798
2158	0.00202429149798
2159	0.00202429149798
2160	0.00202429149798
2161	0.00202429149798
2162	0.00202429149798
2163	0.00202429149798
2164	0.00202429149798
2165	0.00202429149798
2166	0.00202429149798
2167	0.00202429149798
2168	0.00202429149798
2169	0.00202429149798
2170	0.00202429149798
2171	0.00202429149798
2172	0.00202429149798
2173	0.00202429149798
2174	0.00202429149798
2175	0.00202429149798
2176	0.00202429149798
2177	0.00202429149798
2178	0.00202429149798
2179	0.00202429149798
2180	0.00202429149798
2181	0.00202429149798
2182	0.00202429149798
2183	0.00202429149798
2184	0.00202429149798
2185	0.00202429149798
2186	0.00202429149798
2187	0.00202429149798
2188	0.00202429149798
2189	0.00202429149798
2190	0.00202429149798
2191	0.00202429149798
2192	0.00202429149798
2193	0.00202429149798
2194	0.00202429149798
2195	0.00202429149798
2196	0.00202429149798
2197	0.00202429149798
2198	0.00202429149798
2199	0.00202429149798
2200	0.00202429149798
2201	0.00202429149798
2202	0.00202429149798
2203	0.00202429149798
2204	0.00202429149798
2205	0.00202429149798
2206	0.00202429149798
2207	0.00202429149798
2208	0.00202429149798
2209	0.00202429149798
2210	0.00202429149798
2211	0.00202429149798
2212	0.00202429149798
2213	0.00202429149798
2214	0.00202429149798
2215	0.00202429149798
2216	0.00202429149798
2217	0.00202429149798
2218	0.00202429149798
2219	0.00202429149798
2220	0.00202429149798
2221	0.00202429149798
2222	0.00202429149798
2223	0.00202429149798
2224	0.00202429149798
2225	0.00202429149798
2226	0.00202429149798
2227	0.00202429149798
2228	0.00202429149798
2229	0.00202429149798
2230	0.00202429149798
2231	0.00202429149798
2232	0.00202429149798
2233	0.00202429149798
2234	0.00202429149798
2235	0.00202429149798
2236	0.00202429149798
2237	0.00202429149798
2238	0.00202429149798
2239	0.00202429149798
2240	0.00202429149798
2241	0.00202429149798
2242	0.00202429149798
2243	0.00202429149798
2244	0.00202429149798
2245	0.00202429149798
2246	0.00202429149798
2247	0.00202429149798
2248	0.00202429149798
2249	0.00202429149798
2250	0.00202429149798
2251	0.00202429149798
2252	0.00202429149798
2253	0.00202429149798
2254	0.00202429149798
2255	0.00202429149798
2256	0.00202429149798
2257	0.00202429149798
2258	0.00202429149798
2259	0.00202429149798
2260	0.00202429149798
2261	0.00202429149798
2262	0.00202429149798
2263	0.00202429149798
2264	0.00202429149798
2265	0.00202429149798
2266	0.00202429149798
2267	0.00202429149798
2268	0.00202429149798
2269	0.00202429149798
2270	0.00202429149798
2271	0.00202429149798
2272	0.00202429149798
2273	0.00202429149798
2274	0.00202429149798
2275	0.00202429149798
2276	0.00202429149798
2277	0.00202429149798
2278	0.00202429149798
2279	0.00202429149798
2280	0.00202429149798
2281	0.00202429149798
2282	0.00202429149798
2283	0.00202429149798
2284	0.00202429149798
2285	0.00202429149798
2286	0.00202429149798
2287	0.00202429149798
2288	0.00202429149798
2289	0.00202429149798
2290	0.00202429149798
2291	0.00202429149798
2292	0.00202429149798
2293	0.00202429149798
2294	0.00202429149798
2295	0.00202429149798
2296	0.00202429149798
2297	0.00202429149798
2298	0.00202429149798
2299	0.00202429149798
2300	0.00202429149798
2301	0.00202429149798
2302	0.00202429149798
2303	0.00202429149798
2304	0.00202429149798
2305	0.00202429149798
2306	0.00202429149798
2307	0.00202429149798
2308	0.00202429149798
2309	0.00202429149798
2310	0.00202429149798
2311	0.00202429149798
2312	0.00202429149798
2313	0.00202429149798
2314	0.00202429149798
2315	0.00202429149798
2316	0.00202429149798
2317	0.00202429149798
2318	0.00202429149798
2319	0.00202429149798
2320	0.00202429149798
2321	0.00202429149798
2322	0.00202429149798
2323	0.00202429149798
2324	0.00202429149798
2325	0.00202429149798
2326	0.00202429149798
2327	0.00202429149798
2328	0.00202429149798
2329	0.00202429149798
2330	0.00202429149798
2331	0.00202429149798
2332	0.00202429149798
2333	0.00202429149798
2334	0.00202429149798
2335	0.00202429149798
2336	0.00202429149798
2337	0.00202429149798
2338	0.00202429149798
2339	0.00202429149798
2340	0.00202429149798
2341	0.00202429149798
2342	0.00202429149798
2343	0.00202429149798
2344	0.00202429149798
2345	0.00202429149798
2346	0.00202429149798
2347	0.00202429149798
2348	0.00202429149798
2349	0.00202429149798
2350	0.00202429149798
2351	0.00202429149798
2352	0.00202429149798
2353	0.00202429149798
2354	0.00202429149798
2355	0.00202429149798
2356	0.00202429149798
2357	0.00202429149798
2358	0.00202429149798
2359	0.00202429149798
2360	0.00202429149798
2361	0.00202429149798
2362	0.00202429149798
2363	0.00202429149798
2364	0.00202429149798
2365	0.00202429149798
2366	0.00202429149798
2367	0.00202429149798
2368	0.00202429149798
2369	0.00202429149798
