position	coverage
1	0.263736263736
2	0.230769230769
3	0.21978021978
4	0.208791208791
5	0.197802197802
6	0.186813186813
7	0.175824175824
8	0.164835164835
9	0.142857142857
10	0.120879120879
11	0.0989010989011
12	0.0879120879121
13	0.0659340659341
14	0.0659340659341
15	0.0659340659341
16	0.0549450549451
17	0.0549450549451
18	0.043956043956
19	0.032967032967
20	0.021978021978
21	0.021978021978
22	0.010989010989
23	0.010989010989
24	0.010989010989
25	0.010989010989
26	0.010989010989
27	0.626373626374
28	0.637362637363
29	0.637362637363
30	0.637362637363
31	0.406593406593
32	0.340659340659
33	0.274725274725
34	0.681318681319
35	0.681318681319
36	0.681318681319
37	0.681318681319
38	0.67032967033
39	0.67032967033
40	0.67032967033
41	0.659340659341
42	0.659340659341
43	0.659340659341
44	0.659340659341
45	0.659340659341
46	0.659340659341
47	0.659340659341
48	0.659340659341
49	0.659340659341
50	0.648351648352
51	0.659340659341
52	0.659340659341
53	0.659340659341
54	0.659340659341
55	0.659340659341
56	0.659340659341
57	0.659340659341
58	0.010989010989
59	0.010989010989
60	0.010989010989
61	0.010989010989
62	0.010989010989
63	0.010989010989
64	0.648351648352
65	0.648351648352
66	0.648351648352
67	0.648351648352
68	0.648351648352
69	0.648351648352
70	0.648351648352
71	0.648351648352
72	0.648351648352
73	0.010989010989
74	0.010989010989
75	0.010989010989
76	0.010989010989
77	0.010989010989
78	0.010989010989
79	0.010989010989
80	0.010989010989
81	0.010989010989
82	0.010989010989
83	0.010989010989
84	0.010989010989
85	0.010989010989
86	0.010989010989
87	0.010989010989
88	0.010989010989
89	0.010989010989
90	0.010989010989
91	0.010989010989
92	0.010989010989
93	0.010989010989
94	0.010989010989
95	0.010989010989
96	0.010989010989
97	0.010989010989
98	0.010989010989
99	0.010989010989
100	0.010989010989
101	0.010989010989
102	0.010989010989
103	0.010989010989
104	0.010989010989
105	0.010989010989
106	0.010989010989
107	0.010989010989
108	0.010989010989
109	0.010989010989
110	0.010989010989
111	0.010989010989
112	0.010989010989
113	0.010989010989
114	0.010989010989
115	0.010989010989
116	0.010989010989
117	0.010989010989
118	0.010989010989
119	0.010989010989
120	0.010989010989
121	0.010989010989
122	0.010989010989
123	0.010989010989
124	0.010989010989
125	0.681318681319
126	0.681318681319
127	0.681318681319
128	0.648351648352
129	0.648351648352
130	0.637362637363
131	0.615384615385
132	0.593406593407
133	0.582417582418
134	0.571428571429
135	0.175824175824
136	0.604395604396
137	0.604395604396
138	0.0549450549451
139	0.637362637363
140	0.637362637363
141	0.010989010989
142	0.010989010989
143	0.010989010989
144	0.010989010989
145	0.010989010989
146	0.010989010989
147	0.010989010989
148	0.010989010989
149	0.010989010989
150	0.010989010989
151	0.010989010989
152	0.021978021978
153	0.692307692308
154	0.692307692308
155	0.692307692308
156	0.681318681319
157	0.681318681319
158	0.659340659341
159	0.208791208791
160	0.208791208791
161	0.208791208791
162	0.43956043956
163	0.43956043956
164	0.428571428571
165	0.428571428571
166	0.428571428571
167	0.428571428571
168	0.406593406593
169	0.384615384615
170	0.384615384615
171	0.384615384615
172	0.032967032967
173	0.032967032967
174	0.032967032967
175	0.021978021978
176	0.032967032967
177	0.032967032967
178	0.197802197802
179	0.197802197802
180	0.208791208791
181	0.010989010989
182	0.032967032967
183	0.032967032967
184	0.032967032967
185	0.032967032967
186	0.032967032967
187	0.043956043956
188	0.0989010989011
189	0.0989010989011
190	0.0989010989011
191	0.142857142857
192	0.164835164835
193	0.197802197802
194	0.230769230769
195	0.230769230769
196	0.252747252747
197	0.274725274725
198	0.307692307692
199	0.32967032967
200	0.351648351648
201	0.362637362637
202	0.406593406593
203	0.43956043956
204	0.483516483516
205	0.505494505495
206	0.56043956044
207	0.593406593407
208	0.626373626374
209	0.637362637363
210	0.659340659341
211	0.692307692308
212	0.703296703297
213	0.703296703297
214	0.703296703297
215	0.703296703297
216	0.703296703297
217	0.703296703297
218	0.714285714286
219	0.725274725275
220	0.747252747253
221	0.747252747253
222	0.758241758242
223	0.758241758242
224	0.758241758242
225	0.769230769231
226	0.769230769231
227	0.769230769231
228	0.769230769231
229	0.769230769231
230	0.769230769231
231	0.769230769231
232	0.78021978022
233	0.56043956044
234	0.571428571429
235	0.736263736264
236	0.769230769231
237	0.736263736264
238	0.736263736264
239	0.714285714286
240	0.032967032967
241	0.043956043956
242	0.043956043956
243	0.032967032967
244	0.032967032967
245	0.032967032967
246	0.032967032967
247	0.032967032967
248	0.032967032967
249	0.032967032967
250	0.021978021978
251	0.021978021978
252	0.021978021978
253	0.021978021978
254	0.021978021978
255	0.703296703297
256	0.703296703297
257	0.692307692308
258	0.681318681319
259	0.67032967033
260	0.67032967033
261	0.67032967033
262	0.659340659341
263	0.241758241758
264	0.043956043956
265	0.021978021978
266	0.010989010989
267	0.010989010989
268	0.010989010989
269	0.747252747253
270	0.747252747253
271	0.747252747253
272	0.747252747253
273	0.736263736264
274	0.736263736264
275	0.736263736264
276	0.736263736264
277	0.736263736264
278	0.736263736264
279	0.736263736264
280	0.010989010989
281	0.010989010989
282	0.010989010989
283	0.010989010989
284	0.010989010989
285	0.010989010989
286	0.010989010989
287	0.010989010989
288	0.010989010989
289	0.010989010989
290	0.758241758242
291	0.758241758242
292	0.758241758242
293	0.758241758242
294	0.384615384615
295	0.373626373626
296	0.32967032967
297	0.32967032967
298	0.32967032967
299	0.296703296703
300	0.131868131868
301	0.120879120879
302	0.0989010989011
303	0.0549450549451
304	0.0549450549451
305	0.043956043956
306	0.021978021978
307	0.021978021978
308	0.021978021978
309	0.010989010989
310	0.010989010989
311	0.010989010989
312	0.78021978022
313	0.78021978022
314	0.791208791209
315	0.791208791209
316	0.791208791209
317	0.791208791209
318	0.791208791209
319	0.791208791209
320	0.791208791209
321	0.791208791209
322	0.791208791209
323	0.802197802198
324	0.010989010989
325	0.802197802198
326	0.802197802198
327	0.802197802198
328	0.802197802198
329	0.802197802198
330	0.802197802198
331	0.802197802198
332	0.802197802198
333	0.813186813187
334	0.791208791209
335	0.791208791209
336	0.791208791209
337	0.010989010989
338	0.021978021978
339	0.021978021978
340	0.714285714286
341	0.725274725275
342	0.714285714286
343	0.714285714286
344	0.714285714286
345	0.714285714286
346	0.021978021978
347	0.032967032967
348	0.538461538462
349	0.736263736264
350	0.736263736264
351	0.736263736264
352	0.736263736264
353	0.747252747253
354	0.769230769231
355	0.791208791209
356	0.769230769231
357	0.802197802198
358	0.791208791209
359	0.802197802198
360	0.802197802198
361	0.802197802198
362	0.802197802198
363	0.802197802198
364	0.802197802198
365	0.032967032967
366	0.032967032967
367	0.032967032967
368	0.0549450549451
369	0.0549450549451
370	0.505494505495
371	0.505494505495
372	0.505494505495
373	0.505494505495
374	0.494505494505
375	0.494505494505
376	0.263736263736
377	0.703296703297
378	0.736263736264
379	0.736263736264
380	0.747252747253
381	0.747252747253
382	0.274725274725
383	0.703296703297
384	0.703296703297
385	0.714285714286
386	0.714285714286
387	0.714285714286
388	0.703296703297
389	0.714285714286
390	0.340659340659
391	0.32967032967
392	0.307692307692
393	0.0659340659341
394	0.010989010989
395	0.010989010989
396	0.0659340659341
397	0.0659340659341
398	0.296703296703
399	0.769230769231
400	0.78021978022
401	0.791208791209
402	0.791208791209
403	0.802197802198
404	0.802197802198
405	0.021978021978
406	0.021978021978
407	0.021978021978
408	0.043956043956
409	0.043956043956
410	0.153846153846
411	0.516483516484
412	0.10989010989
413	0.637362637363
414	0.736263736264
415	0.769230769231
416	0.791208791209
417	0.813186813187
418	0.846153846154
419	0.846153846154
420	0.846153846154
421	0.846153846154
422	0.835164835165
423	0.835164835165
424	0.846153846154
425	0.813186813187
426	0.813186813187
427	0.813186813187
428	0.813186813187
429	0.571428571429
430	0.010989010989
431	0.010989010989
432	0.010989010989
433	0.010989010989
434	0.010989010989
435	0.010989010989
436	0.010989010989
437	0.010989010989
438	0.010989010989
439	0.010989010989
440	0.010989010989
441	0.010989010989
442	0.010989010989
443	0.010989010989
444	0.010989010989
445	0.010989010989
446	0.010989010989
447	0.010989010989
448	0.010989010989
449	0.010989010989
450	0.010989010989
451	0.010989010989
452	0.89010989011
453	0.89010989011
454	0.89010989011
455	0.89010989011
456	0.89010989011
457	0.89010989011
458	0.901098901099
459	0.901098901099
460	0.901098901099
461	0.89010989011
462	0.89010989011
463	0.89010989011
464	0.89010989011
465	0.912087912088
466	0.912087912088
467	0.912087912088
468	0.923076923077
469	0.923076923077
470	0.923076923077
471	0.934065934066
472	0.945054945055
473	0.945054945055
474	0.945054945055
475	0.945054945055
476	0.956043956044
477	0.956043956044
478	0.956043956044
479	0.956043956044
480	0.956043956044
481	0.956043956044
482	0.956043956044
483	0.956043956044
484	0.956043956044
485	0.956043956044
486	0.956043956044
487	0.945054945055
488	0.945054945055
489	0.945054945055
490	0.934065934066
491	0.934065934066
492	0.934065934066
493	0.934065934066
494	0.934065934066
495	0.934065934066
496	0.021978021978
497	0.934065934066
498	0.945054945055
499	0.010989010989
500	0.967032967033
501	0.043956043956
502	0.043956043956
503	0.021978021978
504	0.934065934066
505	0.010989010989
506	0.010989010989
507	0.010989010989
508	0.010989010989
509	0.010989010989
510	0.010989010989
511	0.956043956044
512	0.956043956044
513	0.956043956044
514	0.956043956044
515	0.956043956044
516	0.956043956044
517	0.956043956044
518	0.956043956044
519	0.010989010989
520	0.010989010989
521	0.010989010989
522	0.010989010989
523	0.010989010989
524	0.010989010989
525	0.956043956044
526	0.956043956044
527	0.956043956044
528	0.956043956044
529	0.956043956044
530	0.021978021978
531	0.021978021978
532	0.021978021978
533	0.956043956044
534	0.956043956044
535	0.956043956044
536	0.956043956044
537	0.021978021978
538	0.956043956044
539	0.945054945055
540	0.945054945055
541	0.945054945055
542	0.945054945055
543	0.945054945055
544	0.956043956044
545	0.956043956044
546	0.956043956044
547	0.967032967033
548	0.967032967033
549	0.967032967033
550	0.967032967033
551	0.967032967033
552	0.967032967033
553	0.967032967033
554	0.967032967033
555	0.967032967033
556	0.967032967033
557	0.967032967033
558	0.967032967033
559	0.967032967033
560	0.967032967033
561	0.967032967033
562	0.967032967033
563	0.978021978022
564	0.978021978022
565	0.978021978022
566	0.010989010989
567	0.010989010989
568	0.010989010989
569	0.010989010989
570	0.989010989011
571	0.978021978022
572	0.989010989011
573	0.032967032967
574	0.978021978022
575	0.978021978022
576	0.043956043956
577	0.043956043956
578	0.043956043956
579	0.021978021978
580	0.021978021978
581	0.978021978022
582	0.978021978022
583	0.978021978022
584	0.978021978022
585	0.978021978022
586	0.978021978022
587	0.978021978022
588	0.978021978022
589	0.978021978022
590	0.978021978022
591	0.978021978022
592	0.978021978022
593	0.978021978022
594	0.978021978022
595	0.978021978022
596	0.978021978022
597	0.978021978022
598	0.978021978022
599	0.978021978022
600	0.978021978022
601	0.978021978022
602	0.978021978022
603	0.978021978022
604	0.978021978022
605	0.978021978022
606	0.010989010989
607	0.010989010989
608	0.010989010989
609	0.967032967033
610	0.967032967033
611	0.967032967033
612	0.032967032967
613	0.978021978022
614	0.978021978022
615	0.978021978022
616	0.978021978022
617	0.978021978022
618	0.978021978022
619	0.978021978022
620	0.989010989011
621	0.989010989011
622	0.989010989011
623	0.989010989011
624	0.989010989011
625	0.989010989011
626	0.989010989011
627	0.989010989011
628	0.989010989011
629	0.010989010989
630	0.989010989011
631	0.989010989011
632	0.989010989011
633	0.989010989011
634	0.989010989011
635	0.989010989011
636	0.989010989011
637	1.0
638	1.0
639	1.0
640	1.0
641	1.0
642	0.010989010989
643	0.010989010989
644	0.010989010989
645	0.010989010989
646	0.010989010989
647	0.010989010989
648	0.010989010989
649	0.010989010989
650	0.021978021978
651	0.021978021978
652	0.978021978022
653	0.989010989011
654	0.043956043956
655	0.043956043956
656	0.989010989011
657	0.989010989011
658	0.989010989011
659	1.0
660	1.0
661	1.0
662	1.0
663	1.0
664	1.0
665	1.0
666	1.0
667	1.0
668	1.0
669	1.0
670	1.0
671	1.0
672	0.010989010989
673	0.010989010989
674	0.010989010989
675	0.010989010989
676	0.010989010989
677	0.010989010989
678	0.010989010989
679	0.010989010989
680	0.010989010989
681	0.010989010989
682	0.010989010989
683	0.010989010989
684	0.010989010989
685	0.010989010989
686	0.010989010989
687	0.010989010989
688	0.010989010989
689	0.010989010989
690	0.010989010989
691	0.010989010989
692	0.010989010989
693	0.010989010989
694	0.010989010989
695	0.010989010989
696	0.010989010989
697	0.010989010989
698	0.010989010989
699	0.010989010989
700	0.010989010989
701	0.010989010989
702	0.010989010989
703	0.010989010989
704	0.010989010989
705	0.010989010989
706	0.010989010989
707	0.010989010989
708	0.010989010989
709	0.010989010989
710	1.0
711	0.989010989011
712	0.989010989011
713	0.989010989011
714	0.989010989011
715	0.989010989011
716	0.010989010989
717	0.010989010989
718	0.989010989011
719	0.989010989011
720	0.989010989011
721	0.989010989011
722	0.989010989011
723	0.989010989011
724	0.989010989011
725	0.989010989011
726	0.043956043956
727	0.978021978022
728	0.978021978022
729	0.967032967033
730	0.967032967033
731	0.967032967033
732	0.021978021978
733	0.021978021978
734	0.967032967033
735	0.967032967033
736	0.967032967033
737	0.967032967033
738	0.967032967033
739	0.967032967033
740	0.967032967033
741	0.967032967033
742	0.956043956044
743	0.956043956044
744	0.956043956044
745	0.956043956044
746	0.956043956044
747	0.956043956044
748	0.956043956044
749	0.956043956044
750	0.945054945055
751	0.945054945055
752	0.956043956044
753	0.956043956044
754	0.956043956044
755	0.956043956044
756	0.956043956044
757	0.956043956044
758	0.956043956044
759	0.956043956044
760	0.956043956044
761	0.945054945055
762	0.956043956044
763	0.956043956044
764	0.945054945055
765	0.934065934066
766	0.934065934066
767	0.934065934066
768	0.934065934066
769	0.0549450549451
770	0.0549450549451
771	0.032967032967
772	0.923076923077
773	0.934065934066
774	0.934065934066
775	0.934065934066
776	0.043956043956
777	0.120879120879
778	0.142857142857
779	0.153846153846
780	0.21978021978
781	0.21978021978
782	0.252747252747
783	0.285714285714
784	0.32967032967
785	0.923076923077
786	0.934065934066
787	0.934065934066
788	0.868131868132
789	0.934065934066
790	0.934065934066
791	0.934065934066
792	0.945054945055
793	0.945054945055
794	0.912087912088
795	0.21978021978
796	0.21978021978
797	0.241758241758
798	0.934065934066
799	0.956043956044
800	0.956043956044
801	0.956043956044
802	0.956043956044
803	0.956043956044
804	0.956043956044
805	0.956043956044
806	0.956043956044
807	0.956043956044
808	0.956043956044
809	0.945054945055
810	0.945054945055
811	0.945054945055
812	0.945054945055
813	0.945054945055
814	0.945054945055
815	0.945054945055
816	0.945054945055
817	0.945054945055
818	0.945054945055
819	0.945054945055
820	0.945054945055
821	0.945054945055
822	0.945054945055
823	0.945054945055
824	0.945054945055
825	0.945054945055
826	0.945054945055
827	0.945054945055
828	0.945054945055
829	0.945054945055
830	0.945054945055
831	0.945054945055
832	0.945054945055
833	0.945054945055
834	0.945054945055
835	0.945054945055
836	0.945054945055
837	0.945054945055
838	0.945054945055
839	0.945054945055
840	0.945054945055
841	0.945054945055
842	0.945054945055
843	0.945054945055
844	0.945054945055
845	0.021978021978
846	0.010989010989
847	0.010989010989
848	0.010989010989
849	0.010989010989
850	0.010989010989
851	0.010989010989
852	0.010989010989
853	0.010989010989
854	0.010989010989
855	0.010989010989
856	0.010989010989
857	0.010989010989
858	0.010989010989
859	0.010989010989
860	0.945054945055
861	0.945054945055
862	0.934065934066
863	0.934065934066
864	0.934065934066
865	0.0659340659341
866	0.923076923077
867	0.923076923077
868	0.923076923077
869	0.923076923077
870	0.923076923077
871	0.934065934066
872	0.934065934066
873	0.934065934066
874	0.945054945055
875	0.934065934066
876	0.934065934066
877	0.934065934066
878	0.934065934066
879	0.945054945055
880	0.945054945055
881	0.021978021978
882	0.934065934066
883	0.934065934066
884	0.934065934066
885	0.934065934066
886	0.945054945055
887	0.945054945055
888	0.945054945055
889	0.945054945055
890	0.945054945055
891	0.945054945055
892	0.945054945055
893	0.934065934066
894	0.945054945055
895	0.945054945055
896	0.945054945055
897	0.945054945055
898	0.945054945055
899	0.945054945055
900	0.934065934066
901	0.010989010989
902	0.934065934066
903	0.934065934066
904	0.032967032967
905	0.945054945055
906	0.956043956044
907	0.945054945055
908	0.010989010989
909	0.010989010989
910	0.934065934066
911	0.923076923077
912	0.032967032967
913	0.043956043956
914	0.0879120879121
915	0.0879120879121
916	0.142857142857
917	0.142857142857
918	0.175824175824
919	0.175824175824
920	0.791208791209
921	0.813186813187
922	0.857142857143
923	0.879120879121
924	0.901098901099
925	0.89010989011
926	0.89010989011
927	0.197802197802
928	0.923076923077
929	0.912087912088
930	0.912087912088
931	0.934065934066
932	0.934065934066
933	0.934065934066
934	0.934065934066
935	0.934065934066
936	0.934065934066
937	0.934065934066
938	0.934065934066
939	0.934065934066
940	0.934065934066
941	0.934065934066
942	0.934065934066
943	0.934065934066
944	0.934065934066
945	0.934065934066
946	0.934065934066
947	0.934065934066
948	0.934065934066
949	0.934065934066
950	0.934065934066
951	0.934065934066
952	0.934065934066
953	0.934065934066
954	0.934065934066
955	0.945054945055
956	0.945054945055
957	0.934065934066
958	0.923076923077
959	0.923076923077
960	0.923076923077
961	0.923076923077
962	0.923076923077
963	0.923076923077
964	0.923076923077
965	0.923076923077
966	0.923076923077
967	0.923076923077
968	0.923076923077
969	0.923076923077
970	0.923076923077
971	0.923076923077
972	0.923076923077
973	0.923076923077
974	0.923076923077
975	0.923076923077
976	0.923076923077
977	0.923076923077
978	0.923076923077
979	0.923076923077
980	0.923076923077
981	0.923076923077
982	0.934065934066
983	0.934065934066
984	0.901098901099
985	0.89010989011
986	0.89010989011
987	0.89010989011
988	0.89010989011
989	0.879120879121
990	0.021978021978
991	0.021978021978
992	0.021978021978
993	0.021978021978
994	0.879120879121
995	0.857142857143
996	0.868131868132
997	0.868131868132
998	0.879120879121
999	0.010989010989
1000	0.010989010989
1001	0.89010989011
1002	0.912087912088
1003	0.043956043956
1004	0.934065934066
1005	0.934065934066
1006	0.923076923077
1007	0.923076923077
1008	0.923076923077
1009	0.912087912088
1010	0.912087912088
1011	0.912087912088
1012	0.923076923077
1013	0.923076923077
1014	0.923076923077
1015	0.923076923077
1016	0.923076923077
1017	0.923076923077
1018	0.923076923077
1019	0.923076923077
1020	0.923076923077
1021	0.923076923077
1022	0.912087912088
1023	0.912087912088
1024	0.879120879121
1025	0.868131868132
1026	0.868131868132
1027	0.857142857143
1028	0.846153846154
1029	0.384615384615
1030	0.351648351648
1031	0.307692307692
1032	0.307692307692
1033	0.307692307692
1034	0.285714285714
1035	0.241758241758
1036	0.0989010989011
1037	0.0549450549451
1038	0.032967032967
1039	0.021978021978
1040	0.021978021978
1041	0.021978021978
1042	0.021978021978
1043	0.021978021978
1044	0.010989010989
