Supplemental results for CODEML (seqf: Exo70F1_nr_Poaceae_c_Os_FL_PRANK.phy  treef: RAxML_bestTree.Exo70F1_nr_Poaceae_c_Os_FL_PRANK)


dN/dS (w) for site classes (K=10)

p:   0.10000  0.10000  0.10000  0.10000  0.10000  0.10000  0.10000  0.10000  0.10000  0.10000
w:   0.00365  0.02179  0.05061  0.08931  0.13830  0.19903  0.27428  0.36947  0.49678  0.69849

Naive Empirical Bayes (NEB) probabilities for 10 classes & postmean_w
(amino acids refer to 1st sequence: HlaRGH2)

   1 M   0.36021 0.27591 0.18076 0.10267 0.05032 0.02090 0.00709 0.00183 0.00031 0.00002 ( 1)  0.040
   2 A   0.00000 0.00008 0.00176 0.01187 0.04318 0.10487 0.18671 0.25168 0.24988 0.14997 ( 8)  0.401
   3 R   0.01148 0.06049 0.11549 0.15670 0.17416 0.16637 0.13830 0.09864 0.05702 0.02136 ( 5)  0.196
   4 L   0.25242 0.22071 0.17836 0.13410 0.09356 0.06000 0.03470 0.01744 0.00701 0.00168 ( 1)  0.072
   5 E   0.00002 0.00298 0.02553 0.08442 0.16560 0.22526 0.22542 0.16615 0.08382 0.02080 ( 7)  0.256
   6 D   0.00094 0.02621 0.09620 0.17893 0.22443 0.20948 0.14967 0.08014 0.02915 0.00486 ( 5)  0.183
   7 E   0.34677 0.27046 0.18242 0.10780 0.05562 0.02465 0.00909 0.00262 0.00051 0.00004 ( 1)  0.042
   8 F   0.28125 0.23833 0.18322 0.12881 0.08253 0.04761 0.02414 0.01026 0.00329 0.00055 ( 1)  0.060
   9 S   0.00024 0.00750 0.03288 0.07755 0.13095 0.17581 0.19555 0.18094 0.13368 0.06490 ( 7)  0.294
  10 K   0.00042 0.01269 0.05217 0.11289 0.17121 0.20170 0.19148 0.14582 0.08377 0.02784 ( 6)  0.244
  11 L   0.24883 0.21837 0.17752 0.13453 0.09482 0.06159 0.03619 0.01856 0.00766 0.00193 ( 1)  0.074
  12 L   0.25673 0.22344 0.17924 0.13345 0.09198 0.05812 0.03301 0.01623 0.00634 0.00146 ( 1)  0.070
  13 I   0.00000 0.00010 0.00226 0.01471 0.05130 0.11868 0.20005 0.25331 0.23338 0.12621 ( 8)  0.385
  14 R   0.00000 0.00060 0.00609 0.02511 0.06496 0.12384 0.18673 0.22800 0.22041 0.14425 ( 8)  0.382
  15 G   0.31878 0.25808 0.18459 0.11790 0.06699 0.03337 0.01416 0.00483 0.00117 0.00013 ( 1)  0.049
  16 T   0.00001 0.00106 0.01017 0.03928 0.09350 0.16088 0.21384 0.22302 0.17515 0.08309 ( 8)  0.335
  17 V   0.00000 0.00005 0.00105 0.00744 0.02882 0.07590 0.15002 0.23192 0.27812 0.22668 ( 9)  0.443
  18 S   0.00000 0.00050 0.00515 0.02168 0.05750 0.11304 0.17694 0.22629 0.23234 0.16655 ( 9)  0.397
  19 L   0.26054 0.22585 0.18003 0.13289 0.09059 0.05645 0.03151 0.01515 0.00574 0.00126 ( 1)  0.069
  20 T   0.00000 0.00004 0.00085 0.00614 0.02443 0.06646 0.13676 0.22241 0.28520 0.25772 ( 9)  0.459
  21 P   0.00000 0.00000 0.00001 0.00024 0.00226 0.01240 0.04702 0.13398 0.29811 0.50597 (10)  0.567
  22 E   0.02985 0.13884 0.21768 0.22716 0.18168 0.11604 0.05906 0.02296 0.00604 0.00069 ( 4)  0.111
  23 D   0.32858 0.26265 0.18413 0.11452 0.06295 0.03012 0.01217 0.00392 0.00088 0.00009 ( 1)  0.046
  24 L   0.01299 0.06760 0.12656 0.16728 0.17989 0.16506 0.13063 0.08765 0.04680 0.01553 ( 5)  0.183
  25 H   0.01770 0.08896 0.15765 0.19359 0.18971 0.15517 0.10654 0.05978 0.02516 0.00575 ( 4)  0.152
  26 A   0.01720 0.08674 0.15453 0.19113 0.18905 0.15647 0.10906 0.06240 0.02698 0.00645 ( 4)  0.155
  27 L   0.00028 0.00875 0.03769 0.08681 0.14234 0.18438 0.19637 0.17229 0.11890 0.05220 ( 7)  0.279
  28 L   0.00000 0.00072 0.00715 0.02892 0.07293 0.13478 0.19568 0.22806 0.20760 0.12417 ( 8)  0.368
  29 P   0.00000 0.00047 0.00484 0.02051 0.05485 0.10898 0.17286 0.22489 0.23639 0.17620 ( 9)  0.402
  30 Q   0.00000 0.00067 0.00670 0.02735 0.06982 0.13086 0.19300 0.22892 0.21253 0.13015 ( 8)  0.373
  31 L   0.26142 0.22640 0.18019 0.13274 0.09026 0.05607 0.03118 0.01491 0.00561 0.00122 ( 1)  0.068
  32 S   0.00020 0.00641 0.02860 0.06896 0.11974 0.16634 0.19290 0.18802 0.14869 0.08014 ( 7)  0.310
  33 P   0.01007 0.05371 0.10459 0.14566 0.16726 0.16627 0.14508 0.10985 0.06862 0.02889 ( 5)  0.210
  34 T   0.28495 0.24040 0.18354 0.12787 0.08102 0.04611 0.02301 0.00960 0.00301 0.00049 ( 1)  0.059
  35 V   0.23038 0.20599 0.17249 0.13602 0.10082 0.06969 0.04423 0.02500 0.01175 0.00362 ( 1)  0.084
  36 S   0.01107 0.05855 0.11246 0.15378 0.17255 0.16671 0.14041 0.10169 0.05985 0.02294 ( 5)  0.200
  37 T   0.00000 0.00000 0.00000 0.00011 0.00114 0.00692 0.02969 0.09835 0.26533 0.59845 (10)  0.596
  38 F   0.00032 0.00985 0.04190 0.09485 0.15206 0.19145 0.19666 0.16461 0.10641 0.04188 ( 7)  0.267
  39 S   0.00000 0.00000 0.00000 0.00003 0.00046 0.00373 0.02023 0.08096 0.25398 0.64061 (10)  0.610
  40 S   0.00000 0.00005 0.00124 0.00863 0.03276 0.08413 0.16113 0.23919 0.27129 0.20157 ( 9)  0.430
  41 S   0.24137 0.21356 0.17582 0.13549 0.09748 0.06488 0.03924 0.02082 0.00896 0.00238 ( 1)  0.077
  42 V   0.00000 0.00007 0.00146 0.00997 0.03684 0.09167 0.16940 0.24167 0.26248 0.18646 ( 9)  0.421
  43 F   0.00979 0.05236 0.10235 0.14329 0.16563 0.16602 0.14632 0.11221 0.07126 0.03078 ( 6)  0.214
  44 D   0.00070 0.02011 0.07736 0.15309 0.20741 0.21252 0.16986 0.10424 0.04505 0.00966 ( 6)  0.203
  45 S   0.00000 0.00000 0.00001 0.00030 0.00279 0.01493 0.05476 0.14910 0.31035 0.46775 (10)  0.554
  46 E   0.02966 0.13810 0.21690 0.22687 0.18197 0.11665 0.05964 0.02332 0.00618 0.00071 ( 4)  0.111
  47 I   0.02073 0.10207 0.17506 0.20579 0.19090 0.14598 0.09231 0.04675 0.01721 0.00321 ( 4)  0.138
  48 L   0.00000 0.00038 0.00402 0.01743 0.04794 0.09848 0.16250 0.22165 0.24714 0.20046 ( 9)  0.417
  49 L   0.00028 0.00855 0.03696 0.08547 0.14080 0.18339 0.19655 0.17367 0.12081 0.05351 ( 7)  0.281
  50 I   0.00032 0.00982 0.04179 0.09459 0.15168 0.19106 0.19648 0.16480 0.10696 0.04248 ( 7)  0.267
  51 F   0.00000 0.00000 0.00000 0.00002 0.00031 0.00258 0.01464 0.06344 0.22466 0.69435 (10)  0.625
  52 P   0.25464 0.22216 0.17889 0.13384 0.09279 0.05902 0.03378 0.01675 0.00660 0.00153 ( 1)  0.071
  53 Y   0.00000 0.00001 0.00028 0.00319 0.01736 0.05840 0.13748 0.23871 0.30337 0.24121 ( 9)  0.459
  54 N   0.01265 0.06602 0.12420 0.16519 0.17901 0.16571 0.13245 0.08987 0.04857 0.01633 ( 5)  0.185
  55 I   0.01667 0.08440 0.15124 0.18850 0.18828 0.15774 0.11166 0.06520 0.02901 0.00729 ( 4)  0.158
  56 S   0.00000 0.00000 0.00021 0.00248 0.01399 0.04919 0.12206 0.22580 0.31051 0.27577 ( 9)  0.476
  57 I   0.00000 0.00000 0.00000 0.00000 0.00009 0.00111 0.00844 0.04644 0.20119 0.74272 (10)  0.638
  58 L   0.26034 0.22573 0.17999 0.13292 0.09066 0.05654 0.03159 0.01520 0.00577 0.00127 ( 1)  0.069
  59 K   0.00001 0.00211 0.01892 0.06634 0.13984 0.20727 0.22958 0.19084 0.11144 0.03364 ( 7)  0.280
  60 D   0.02543 0.12152 0.19872 0.21925 0.18789 0.13044 0.07336 0.03217 0.00984 0.00139 ( 4)  0.122
  61 I   0.29446 0.24564 0.18423 0.12535 0.07710 0.04233 0.02022 0.00799 0.00234 0.00034 ( 1)  0.056
  62 A   0.01546 0.07895 0.14348 0.18225 0.18641 0.16079 0.11789 0.07186 0.03376 0.00916 ( 5)  0.165
  63 D   0.00072 0.02054 0.07871 0.15501 0.20876 0.21242 0.16841 0.10239 0.04377 0.00926 ( 6)  0.202
  64 V   0.01782 0.08942 0.15802 0.19345 0.18906 0.15441 0.10614 0.05992 0.02563 0.00613 ( 4)  0.152
  65 L   0.00087 0.02450 0.09126 0.17295 0.22167 0.21183 0.15509 0.08502 0.03153 0.00529 ( 5)  0.187
  66 L   0.25593 0.22291 0.17905 0.13354 0.09226 0.05847 0.03335 0.01648 0.00649 0.00152 ( 1)  0.071
  67 H   0.00000 0.00000 0.00000 0.00006 0.00063 0.00423 0.02013 0.07548 0.23704 0.66243 (10)  0.615
  68 A   0.01003 0.05353 0.10427 0.14527 0.16692 0.16612 0.14518 0.11020 0.06912 0.02935 ( 5)  0.211
  69 C   0.01697 0.08574 0.15313 0.19004 0.18877 0.15706 0.11018 0.06356 0.02779 0.00676 ( 4)  0.156
  70 H   0.00013 0.00425 0.01971 0.05008 0.09290 0.14002 0.17951 0.19845 0.18540 0.12955 ( 8)  0.351
  71 V   0.00000 0.00000 0.00000 0.00010 0.00129 0.00908 0.04111 0.13168 0.30975 0.50698 (10)  0.570
  72 P   0.00000 0.00001 0.00036 0.00281 0.01236 0.03800 0.09081 0.17803 0.29190 0.38570 (10)  0.515
  73 K   0.02626 0.12492 0.20281 0.22147 0.18719 0.12762 0.07009 0.02978 0.00872 0.00115 ( 4)  0.120
  74 L   0.00989 0.05281 0.10307 0.14399 0.16603 0.16594 0.14581 0.11146 0.07057 0.03043 ( 5)  0.213
  75 C   0.00000 0.00000 0.00005 0.00070 0.00458 0.01927 0.05991 0.14730 0.29547 0.47272 (10)  0.552
  76 Q   0.28536 0.24061 0.18355 0.12774 0.08084 0.04596 0.02291 0.00955 0.00299 0.00049 ( 1)  0.059
  77 V   0.00041 0.01229 0.05074 0.11042 0.16865 0.20038 0.19220 0.14830 0.08678 0.02983 ( 6)  0.247
  78 Y   0.25752 0.22401 0.17953 0.13346 0.09176 0.05775 0.03261 0.01588 0.00610 0.00136 ( 1)  0.070
  79 V   0.00000 0.00000 0.00001 0.00018 0.00171 0.00977 0.03885 0.11770 0.28424 0.54755 (10)  0.580
  80 K   0.00000 0.00001 0.00034 0.00388 0.02063 0.06732 0.15227 0.25073 0.29600 0.20883 ( 9)  0.444
  81 A   0.00058 0.01694 0.06689 0.13717 0.19435 0.21045 0.18006 0.12037 0.05827 0.01492 ( 6)  0.218
  82 R   0.01220 0.06392 0.12097 0.16215 0.17742 0.16619 0.13476 0.09306 0.05144 0.01789 ( 5)  0.189
  83 R   0.01508 0.07713 0.14055 0.17929 0.18461 0.16086 0.11983 0.07491 0.03677 0.01097 ( 5)  0.169
  84 D   0.00001 0.00225 0.01999 0.06936 0.14435 0.21074 0.22929 0.18665 0.10630 0.03106 ( 7)  0.276
  85 T   0.00001 0.00142 0.01331 0.04939 0.11187 0.18111 0.22353 0.21263 0.14815 0.05858 ( 7)  0.311
  86 F   0.00989 0.05282 0.10309 0.14402 0.16606 0.16598 0.14583 0.11144 0.07052 0.03036 ( 5)  0.213
  87 M   0.00002 0.00286 0.02472 0.08251 0.16356 0.22489 0.22728 0.16866 0.08499 0.02054 ( 7)  0.257
  88 E   0.02925 0.13656 0.21529 0.22632 0.18265 0.11794 0.06081 0.02400 0.00643 0.00075 ( 4)  0.112
  89 C   0.24298 0.21465 0.17628 0.13538 0.09697 0.06417 0.03852 0.02024 0.00859 0.00223 ( 1)  0.077
  90 L   0.25861 0.22466 0.17967 0.13322 0.09132 0.05729 0.03224 0.01565 0.00600 0.00134 ( 1)  0.069
  91 S   0.00000 0.00000 0.00012 0.00148 0.00888 0.03369 0.09193 0.19200 0.31123 0.36066 (10)  0.511
  92 V   0.00000 0.00015 0.00321 0.01998 0.06574 0.14177 0.21978 0.25171 0.20472 0.09294 ( 8)  0.359
  93 L   0.21702 0.19668 0.16821 0.13642 0.10470 0.07549 0.05041 0.03031 0.01541 0.00533 ( 1)  0.092
  94 G   0.02334 0.11300 0.18868 0.21400 0.18982 0.13742 0.08129 0.03791 0.01254 0.00199 ( 4)  0.129
  95 V   0.28155 0.23831 0.18296 0.12849 0.08233 0.04759 0.02427 0.01045 0.00344 0.00061 ( 1)  0.060
  96 D   0.32858 0.26265 0.18413 0.11452 0.06295 0.03012 0.01217 0.00392 0.00088 0.00009 ( 1)  0.046
  97 K   0.32913 0.26292 0.18413 0.11434 0.06272 0.02992 0.01204 0.00385 0.00085 0.00008 ( 1)  0.046
  98 M   0.03235 0.14850 0.22786 0.23085 0.17766 0.10803 0.05160 0.01844 0.00430 0.00040 ( 4)  0.105
  99 S   0.01704 0.08610 0.15377 0.19074 0.18924 0.15708 0.10973 0.06283 0.02708 0.00638 ( 4)  0.155
 100 L   0.25156 0.22015 0.17815 0.13420 0.09386 0.06038 0.03506 0.01771 0.00717 0.00174 ( 1)  0.073
 101 E   0.34666 0.27042 0.18244 0.10785 0.05566 0.02469 0.00911 0.00263 0.00051 0.00004 ( 1)  0.042
 102 E   0.34677 0.27046 0.18242 0.10780 0.05562 0.02465 0.00909 0.00262 0.00051 0.00004 ( 1)  0.042
 103 V   0.32199 0.25942 0.18422 0.11666 0.06568 0.03244 0.01367 0.00466 0.00114 0.00013 ( 1)  0.048
 104 Q   0.28536 0.24061 0.18355 0.12774 0.08084 0.04596 0.02291 0.00955 0.00299 0.00049 ( 1)  0.059
 105 R   0.00000 0.00056 0.00567 0.02358 0.06165 0.11907 0.18244 0.22731 0.22570 0.15401 ( 8)  0.388
 106 V   0.00001 0.00138 0.01308 0.04906 0.11213 0.18265 0.22571 0.21351 0.14645 0.05602 ( 7)  0.310
 107 E   0.01387 0.07167 0.13266 0.17274 0.18236 0.16363 0.12608 0.08190 0.04197 0.01312 ( 5)  0.176
 108 W   0.23556 0.20968 0.17428 0.13601 0.09941 0.06745 0.04176 0.02281 0.01019 0.00286 ( 1)  0.081
 109 G   0.00029 0.00880 0.03790 0.08724 0.14291 0.18488 0.19653 0.17194 0.11812 0.05140 ( 7)  0.278
 110 V   0.00000 0.00000 0.00019 0.00229 0.01298 0.04594 0.11533 0.21753 0.30959 0.29615 ( 9)  0.484
 111 L   0.26051 0.22583 0.18002 0.13289 0.09060 0.05646 0.03153 0.01516 0.00574 0.00126 ( 1)  0.069
 112 D   0.00000 0.00015 0.00312 0.01951 0.06459 0.14027 0.21906 0.25269 0.20671 0.09390 ( 8)  0.360
 113 G   0.00000 0.00006 0.00131 0.00908 0.03424 0.08715 0.16502 0.24140 0.26843 0.19331 ( 9)  0.426
 114 K   0.32913 0.26292 0.18413 0.11434 0.06272 0.02992 0.01204 0.00385 0.00085 0.00008 ( 1)  0.046
 115 M   0.36021 0.27591 0.18076 0.10267 0.05032 0.02090 0.00709 0.00183 0.00031 0.00002 ( 1)  0.040
 116 K   0.00076 0.02155 0.08200 0.15990 0.21259 0.21277 0.16510 0.09752 0.03998 0.00785 ( 6)  0.197
 117 K   0.00078 0.02213 0.08381 0.16242 0.21431 0.21253 0.16314 0.09512 0.03838 0.00737 ( 5)  0.195
 118 W   0.23556 0.20968 0.17428 0.13601 0.09941 0.06745 0.04176 0.02281 0.01019 0.00286 ( 1)  0.081
 119 I   0.01901 0.09468 0.16531 0.19905 0.19038 0.15123 0.10027 0.05395 0.02154 0.00457 ( 4)  0.146
 120 Q   0.01755 0.08830 0.15673 0.19286 0.18952 0.15556 0.10729 0.06055 0.02570 0.00596 ( 4)  0.153
 121 A   0.29812 0.24755 0.18434 0.12426 0.07557 0.04095 0.01927 0.00749 0.00215 0.00031 ( 1)  0.055
 122 L   0.01392 0.07190 0.13309 0.17325 0.18278 0.16377 0.12585 0.08138 0.04136 0.01271 ( 5)  0.176
 123 K   0.00001 0.00221 0.01972 0.06858 0.14319 0.20986 0.22940 0.18776 0.10760 0.03166 ( 7)  0.277
 124 V   0.30106 0.24898 0.18427 0.12327 0.07433 0.03992 0.01862 0.00719 0.00206 0.00030 ( 1)  0.054
 125 V   0.28443 0.23996 0.18326 0.12780 0.08117 0.04641 0.02335 0.00989 0.00318 0.00055 ( 1)  0.059
 126 V   0.28909 0.24255 0.18363 0.12660 0.07927 0.04455 0.02195 0.00906 0.00283 0.00047 ( 1)  0.058
 127 Q   0.00039 0.01166 0.04848 0.10650 0.16459 0.19835 0.19351 0.15240 0.09150 0.03262 ( 6)  0.252
 128 G   0.28386 0.23975 0.18338 0.12809 0.08144 0.04657 0.02339 0.00985 0.00313 0.00052 ( 1)  0.059
 129 L   0.21817 0.19750 0.16862 0.13644 0.10440 0.07500 0.04986 0.02981 0.01505 0.00514 ( 1)  0.091
 130 L   0.00901 0.04854 0.09593 0.13629 0.16052 0.16469 0.14945 0.11894 0.07943 0.03720 ( 6)  0.223
 131 A   0.25798 0.22428 0.17959 0.13336 0.09157 0.05756 0.03246 0.01578 0.00606 0.00135 ( 1)  0.070
 132 E   0.34677 0.27046 0.18242 0.10780 0.05562 0.02465 0.00909 0.00262 0.00051 0.00004 ( 1)  0.042
 133 E   0.34677 0.27046 0.18242 0.10780 0.05562 0.02465 0.00909 0.00262 0.00051 0.00004 ( 1)  0.042
 134 R   0.24732 0.21748 0.17732 0.13487 0.09545 0.06225 0.03671 0.01888 0.00779 0.00194 ( 1)  0.075
 135 R   0.01224 0.06413 0.12127 0.16241 0.17753 0.16611 0.13452 0.09277 0.05122 0.01779 ( 5)  0.189
 136 I   0.29036 0.24329 0.18380 0.12633 0.07877 0.04402 0.02153 0.00879 0.00269 0.00043 ( 1)  0.057
 137 C   0.00837 0.04536 0.09056 0.13039 0.15614 0.16346 0.15198 0.12459 0.08640 0.04275 ( 6)  0.232
 138 S   0.00000 0.00000 0.00021 0.00247 0.01395 0.04906 0.12183 0.22559 0.31059 0.27631 ( 9)  0.476
 139 Q   0.28536 0.24061 0.18355 0.12774 0.08084 0.04596 0.02291 0.00955 0.00299 0.00049 ( 1)  0.059
 140 I   0.02085 0.10261 0.17576 0.20624 0.19090 0.14558 0.09174 0.04626 0.01693 0.00312 ( 4)  0.138
 141 L   0.00000 0.00032 0.00336 0.01479 0.04155 0.08769 0.14991 0.21437 0.25563 0.23238 ( 9)  0.434
 142 A   0.00001 0.00130 0.01230 0.04614 0.10596 0.17462 0.22045 0.21602 0.15683 0.06637 ( 7)  0.319
 143 G   0.00000 0.00000 0.00017 0.00203 0.01171 0.04238 0.10910 0.21181 0.31178 0.31101 ( 9)  0.491
 144 D   0.02077 0.10224 0.17525 0.20585 0.19081 0.14582 0.09216 0.04668 0.01720 0.00321 ( 4)  0.138
 145 A   0.01493 0.07655 0.13997 0.17924 0.18523 0.16184 0.12059 0.07504 0.03628 0.01033 ( 5)  0.169
 146 D   0.00000 0.00000 0.00016 0.00196 0.01134 0.04117 0.10657 0.20865 0.31130 0.31885 (10)  0.494
 147 A   0.00000 0.00057 0.00580 0.02407 0.06268 0.12051 0.18366 0.22739 0.22405 0.15126 ( 8)  0.386
 148 E   0.02796 0.13152 0.20988 0.22420 0.18460 0.12212 0.06483 0.02652 0.00744 0.00093 ( 4)  0.115
 149 E   0.02256 0.10965 0.18430 0.21104 0.18971 0.13989 0.08489 0.04106 0.01436 0.00252 ( 4)  0.132
 150 E   0.02803 0.13177 0.21011 0.22424 0.18444 0.12191 0.06468 0.02645 0.00743 0.00093 ( 4)  0.115
 151 C   0.24486 0.21590 0.17678 0.13520 0.09633 0.06333 0.03771 0.01960 0.00820 0.00208 ( 1)  0.076
 152 F   0.24926 0.21876 0.17780 0.13466 0.09478 0.06138 0.03589 0.01825 0.00742 0.00180 ( 1)  0.074
 153 T   0.00870 0.04701 0.09336 0.13350 0.15848 0.16417 0.15071 0.12164 0.08269 0.03974 ( 6)  0.227
 154 E   0.00087 0.02455 0.09121 0.17242 0.22061 0.21091 0.15506 0.08594 0.03263 0.00580 ( 5)  0.188
 155 A   0.00001 0.00128 0.01211 0.04555 0.10491 0.17349 0.21993 0.21660 0.15832 0.06779 ( 7)  0.320
 156 A   0.28072 0.23796 0.18306 0.12885 0.08272 0.04786 0.02439 0.01045 0.00340 0.00059 ( 1)  0.061
 157 K   0.30763 0.25251 0.18462 0.12144 0.07163 0.03737 0.01679 0.00616 0.00164 0.00021 ( 1)  0.052
 158 G   0.29977 0.24845 0.18445 0.12382 0.07490 0.04030 0.01879 0.00721 0.00203 0.00028 ( 1)  0.054
 159 C   0.00837 0.04538 0.09056 0.13035 0.15606 0.16334 0.15188 0.12457 0.08651 0.04298 ( 6)  0.232
 160 V   0.01802 0.09028 0.15920 0.19433 0.18924 0.15386 0.10518 0.05897 0.02501 0.00591 ( 4)  0.151
 161 L   0.24791 0.21777 0.17728 0.13463 0.09513 0.06199 0.03658 0.01886 0.00785 0.00200 ( 1)  0.074
 162 Q   0.27121 0.23238 0.18183 0.13093 0.08650 0.05185 0.02759 0.01249 0.00436 0.00084 ( 1)  0.064
 163 L   0.25570 0.22278 0.17903 0.13360 0.09236 0.05857 0.03342 0.01652 0.00650 0.00152 ( 1)  0.071
 164 L   0.25967 0.22532 0.17988 0.13305 0.09092 0.05683 0.03183 0.01536 0.00585 0.00129 ( 1)  0.069
 165 N   0.00000 0.00006 0.00141 0.00966 0.03597 0.09023 0.16817 0.24194 0.26460 0.18795 ( 9)  0.422
 166 F   0.24256 0.21437 0.17617 0.13542 0.09710 0.06435 0.03870 0.02038 0.00868 0.00226 ( 1)  0.077
 167 G   0.00000 0.00037 0.00389 0.01689 0.04656 0.09596 0.15928 0.21941 0.24880 0.20882 ( 9)  0.421
 168 D   0.28513 0.24045 0.18347 0.12776 0.08092 0.04607 0.02302 0.00963 0.00304 0.00050 ( 1)  0.059
 169 A   0.00032 0.00967 0.04119 0.09340 0.15015 0.18983 0.19624 0.16588 0.10899 0.04433 ( 7)  0.269
 170 I   0.25694 0.22365 0.17942 0.13355 0.09197 0.05801 0.03284 0.01604 0.00619 0.00139 ( 1)  0.070
 171 A   0.00062 0.01812 0.07087 0.14343 0.19985 0.21188 0.17649 0.11390 0.05249 0.01236 ( 6)  0.212
 172 I   0.00026 0.00818 0.03551 0.08259 0.13711 0.18038 0.19587 0.17616 0.12571 0.05823 ( 7)  0.286
 173 G   0.00001 0.00180 0.01641 0.05886 0.12774 0.19639 0.22770 0.20069 0.12687 0.04352 ( 7)  0.293
 174 K   0.32765 0.26224 0.18421 0.11486 0.06333 0.03041 0.01234 0.00398 0.00090 0.00009 ( 1)  0.047
 175 R   0.00459 0.02595 0.05545 0.08742 0.11731 0.14117 0.15563 0.15775 0.14456 0.11018 ( 8)  0.305
 176 S   0.24244 0.21427 0.17610 0.13539 0.09712 0.06440 0.03877 0.02046 0.00874 0.00230 ( 1)  0.077
 177 S   0.01049 0.05574 0.10791 0.14911 0.16954 0.16653 0.14316 0.10640 0.06485 0.02627 ( 5)  0.206
 178 E   0.34677 0.27046 0.18242 0.10780 0.05562 0.02465 0.00909 0.00262 0.00051 0.00004 ( 1)  0.042
 179 K   0.32913 0.26292 0.18413 0.11434 0.06272 0.02992 0.01204 0.00385 0.00085 0.00008 ( 1)  0.046
 180 L   0.24967 0.21891 0.17769 0.13441 0.09452 0.06122 0.03586 0.01832 0.00753 0.00188 ( 1)  0.074
 181 F   0.28080 0.23807 0.18317 0.12891 0.08271 0.04780 0.02429 0.01036 0.00334 0.00056 ( 1)  0.060
 182 R   0.00972 0.05202 0.10179 0.14268 0.16519 0.16591 0.14661 0.11280 0.07197 0.03132 ( 6)  0.214
 183 I   0.26019 0.22568 0.18004 0.13302 0.09076 0.05659 0.03159 0.01517 0.00572 0.00124 ( 1)  0.069
 184 L   0.22117 0.19963 0.16966 0.13643 0.10359 0.07372 0.04843 0.02854 0.01414 0.00469 ( 1)  0.089
 185 G   0.00000 0.00000 0.00000 0.00008 0.00085 0.00551 0.02520 0.08912 0.25697 0.62227 (10)  0.603
 186 M   0.36021 0.27591 0.18076 0.10267 0.05032 0.02090 0.00709 0.00183 0.00031 0.00002 ( 1)  0.040
 187 Y   0.21914 0.19822 0.16902 0.13651 0.10420 0.07461 0.04937 0.02934 0.01467 0.00492 ( 1)  0.090
 188 E   0.34224 0.26858 0.18292 0.10951 0.05742 0.02596 0.00981 0.00291 0.00059 0.00005 ( 1)  0.043
 189 A   0.27488 0.23441 0.18212 0.12997 0.08498 0.05038 0.02650 0.01186 0.00411 0.00079 ( 1)  0.063
 190 L   0.17018 0.16085 0.14708 0.13045 0.11210 0.09294 0.07373 0.05506 0.03734 0.02027 ( 1)  0.130
 191 A   0.01047 0.05564 0.10772 0.14886 0.16931 0.16639 0.14319 0.10662 0.06519 0.02661 ( 5)  0.206
 192 E   0.34210 0.26849 0.18290 0.10955 0.05749 0.02603 0.00986 0.00293 0.00060 0.00005 ( 1)  0.043
 193 L   0.00000 0.00060 0.00603 0.02485 0.06425 0.12248 0.18495 0.22678 0.22140 0.14864 ( 8)  0.384
 194 L   0.01324 0.06872 0.12822 0.16871 0.18047 0.16458 0.12934 0.08612 0.04560 0.01500 ( 5)  0.181
 195 P   0.00006 0.00215 0.01052 0.02875 0.05851 0.09890 0.14611 0.19314 0.22897 0.23287 (10)  0.419
 196 E   0.00083 0.02351 0.08798 0.16790 0.21752 0.21125 0.15848 0.09020 0.03558 0.00675 ( 5)  0.191
 197 L   0.24604 0.21656 0.17686 0.13487 0.09580 0.06281 0.03734 0.01943 0.00818 0.00212 ( 1)  0.075
 198 E   0.00089 0.02482 0.09199 0.17335 0.22103 0.21051 0.15419 0.08518 0.03229 0.00575 ( 5)  0.187
 199 A   0.00000 0.00004 0.00096 0.00686 0.02683 0.07153 0.14372 0.22713 0.28114 0.24180 ( 9)  0.451
 200 L   0.01138 0.06002 0.11473 0.15591 0.17364 0.16633 0.13876 0.09944 0.05787 0.02193 ( 5)  0.197
 201 F   0.28125 0.23833 0.18322 0.12881 0.08253 0.04761 0.02414 0.01026 0.00329 0.00055 ( 1)  0.060
 202 S   0.15946 0.15210 0.14110 0.12758 0.11232 0.09593 0.07893 0.06170 0.04442 0.02646 ( 1)  0.142
 203 G   0.01184 0.06219 0.11816 0.15928 0.17559 0.16610 0.13647 0.09597 0.05450 0.01990 ( 5)  0.193
 204 E   0.00000 0.00000 0.00009 0.00169 0.01252 0.05170 0.13815 0.25428 0.31855 0.22301 ( 9)  0.458
 205 A   0.00858 0.04639 0.09224 0.13215 0.15730 0.16357 0.15095 0.12279 0.08448 0.04155 ( 6)  0.230
 206 R   0.28440 0.24007 0.18346 0.12798 0.08124 0.04635 0.02320 0.00972 0.00307 0.00050 ( 1)  0.059
 207 D   0.01690 0.08541 0.15269 0.18973 0.18874 0.15729 0.11054 0.06389 0.02799 0.00682 ( 4)  0.157
 208 F   0.00000 0.00066 0.00662 0.02705 0.06908 0.12964 0.19170 0.22843 0.21380 0.13302 ( 8)  0.374
 209 I   0.02087 0.10269 0.17586 0.20631 0.19090 0.14552 0.09165 0.04619 0.01689 0.00311 ( 4)  0.138
 210 K   0.31512 0.25625 0.18460 0.11907 0.06851 0.03468 0.01502 0.00526 0.00132 0.00015 ( 1)  0.050
 211 E   0.00020 0.00622 0.02781 0.06731 0.11748 0.16424 0.19202 0.18914 0.15178 0.08380 ( 7)  0.313
 212 E   0.34373 0.26918 0.18274 0.10894 0.05683 0.02555 0.00959 0.00282 0.00057 0.00005 ( 1)  0.043
 213 A   0.00712 0.03905 0.07949 0.11747 0.14542 0.15865 0.15528 0.13590 0.10293 0.05869 ( 6)  0.252
 214 Q   0.00000 0.00023 0.00456 0.02701 0.08355 0.16724 0.23703 0.24347 0.17261 0.06430 ( 8)  0.333
 215 G   0.00000 0.00007 0.00149 0.01025 0.03801 0.09474 0.17458 0.24643 0.26087 0.17356 ( 9)  0.415
 216 I   0.00026 0.00798 0.03477 0.08122 0.13553 0.17936 0.19606 0.17760 0.12768 0.05953 ( 7)  0.288
 217 L   0.24231 0.21414 0.17598 0.13531 0.09710 0.06446 0.03888 0.02059 0.00886 0.00236 ( 1)  0.077
 218 S   0.00000 0.00000 0.00000 0.00000 0.00004 0.00058 0.00558 0.03679 0.18459 0.77242 (10)  0.646
 219 R   0.00000 0.00000 0.00000 0.00005 0.00072 0.00553 0.02792 0.10197 0.28223 0.58158 (10)  0.593
 220 L   0.00481 0.02712 0.05754 0.08993 0.11947 0.14224 0.15509 0.15553 0.14120 0.10707 ( 8)  0.301
 221 G   0.30810 0.25276 0.18464 0.12131 0.07144 0.03719 0.01666 0.00609 0.00161 0.00020 ( 1)  0.052
 222 D   0.28530 0.24054 0.18349 0.12771 0.08085 0.04600 0.02297 0.00960 0.00303 0.00050 ( 1)  0.059
 223 A   0.21644 0.19626 0.16802 0.13644 0.10487 0.07575 0.05069 0.03055 0.01558 0.00541 ( 1)  0.092
 224 V   0.32136 0.25912 0.18425 0.11687 0.06594 0.03265 0.01380 0.00472 0.00116 0.00013 ( 1)  0.048
 225 R   0.20495 0.18789 0.16366 0.13600 0.10761 0.08055 0.05630 0.03583 0.01962 0.00760 ( 1)  0.100
 226 G   0.00042 0.01262 0.05200 0.11281 0.17150 0.20236 0.19212 0.14591 0.08317 0.02709 ( 6)  0.244
 227 T   0.00893 0.04812 0.09518 0.13541 0.15978 0.16436 0.14968 0.11974 0.08057 0.03823 ( 6)  0.225
 228 V   0.00000 0.00041 0.00425 0.01825 0.04965 0.10075 0.16415 0.22115 0.24405 0.19733 ( 9)  0.415
 229 A   0.00017 0.00555 0.02509 0.06166 0.10967 0.15696 0.18888 0.19292 0.16243 0.09667 ( 8)  0.325
 230 E   0.00094 0.02612 0.09592 0.17855 0.22416 0.20949 0.14995 0.08050 0.02941 0.00496 ( 5)  0.183
 231 L   0.01093 0.05788 0.11141 0.15274 0.17194 0.16676 0.14110 0.10276 0.06090 0.02358 ( 5)  0.201
 232 I   0.00039 0.01166 0.04855 0.10675 0.16510 0.19899 0.19394 0.15225 0.09070 0.03168 ( 6)  0.251
 233 K   0.00034 0.01025 0.04336 0.09746 0.15491 0.19306 0.19601 0.16186 0.10300 0.03975 ( 7)  0.263
 234 A   0.00000 0.00012 0.00261 0.01673 0.05701 0.12823 0.20890 0.25374 0.22172 0.11093 ( 8)  0.374
 235 I   0.01310 0.06815 0.12747 0.16823 0.18053 0.16514 0.13009 0.08669 0.04575 0.01483 ( 5)  0.182
 236 R   0.00000 0.00002 0.00056 0.00419 0.01733 0.04970 0.10961 0.19596 0.28872 0.33391 (10)  0.492
 237 G   0.00062 0.01811 0.07086 0.14342 0.19985 0.21190 0.17650 0.11391 0.05248 0.01234 ( 6)  0.212
 238 D   0.02742 0.12936 0.20738 0.22296 0.18516 0.12389 0.06678 0.02790 0.00807 0.00107 ( 4)  0.117
 239 P   0.00683 0.03758 0.07689 0.11441 0.14284 0.15743 0.15599 0.13855 0.10690 0.06258 ( 6)  0.257
 240 C   0.01161 0.06110 0.11652 0.15780 0.17493 0.16652 0.13775 0.09755 0.05578 0.02046 ( 5)  0.195
 241 K   0.00000 0.00020 0.00217 0.00997 0.02958 0.06682 0.12413 0.19688 0.26893 0.30133 (10)  0.469
 242 S   0.00000 0.00000 0.00000 0.00000 0.00005 0.00057 0.00429 0.02588 0.13992 0.82927 (10)  0.660
 243 L   0.00014 0.00449 0.02119 0.05463 0.10202 0.15287 0.19136 0.20124 0.17170 0.10036 ( 8)  0.333
 244 P   0.00008 0.00279 0.01341 0.03568 0.07021 0.11382 0.15971 0.19787 0.21522 0.19120 ( 9)  0.394
 245 D   0.00031 0.00964 0.04110 0.09326 0.15003 0.18982 0.19636 0.16606 0.10910 0.04432 ( 7)  0.270
 246 D   0.01604 0.08154 0.14719 0.18527 0.18736 0.15938 0.11493 0.06864 0.03143 0.00822 ( 5)  0.162
 247 G   0.02612 0.12436 0.20216 0.22115 0.18734 0.12808 0.07059 0.03013 0.00888 0.00118 ( 4)  0.120
 248 I   0.30153 0.24939 0.18453 0.12332 0.07417 0.03962 0.01831 0.00695 0.00193 0.00026 ( 1)  0.054
 249 H   0.28662 0.24131 0.18364 0.12741 0.08032 0.04545 0.02253 0.00933 0.00290 0.00047 ( 1)  0.059
 250 P   0.01471 0.07558 0.13862 0.17822 0.18503 0.16248 0.12172 0.07614 0.03697 0.01053 ( 5)  0.170
 251 L   0.00000 0.00042 0.00439 0.01860 0.04995 0.10015 0.16171 0.21729 0.24234 0.20516 ( 9)  0.417
 252 T   0.01368 0.07086 0.13161 0.17206 0.18244 0.16439 0.12709 0.08267 0.04222 0.01298 ( 5)  0.177
 253 R   0.22424 0.20181 0.17070 0.13641 0.10275 0.07239 0.04698 0.02726 0.01322 0.00424 ( 1)  0.087
 254 Y   0.24542 0.21621 0.17681 0.13504 0.09608 0.06309 0.03754 0.01953 0.00820 0.00210 ( 1)  0.076
 255 V   0.28722 0.24151 0.18348 0.12708 0.08003 0.04530 0.02252 0.00940 0.00297 0.00050 ( 1)  0.059
 256 M   0.36021 0.27591 0.18076 0.10267 0.05032 0.02090 0.00709 0.00183 0.00031 0.00002 ( 1)  0.040
 257 N   0.30014 0.24865 0.18447 0.12371 0.07475 0.04016 0.01869 0.00716 0.00201 0.00028 ( 1)  0.054
 258 Y   0.00828 0.04491 0.08976 0.12945 0.15535 0.16308 0.15219 0.12540 0.08762 0.04395 ( 6)  0.233
 259 V   0.24896 0.21843 0.17748 0.13445 0.09473 0.06153 0.03617 0.01858 0.00770 0.00195 ( 1)  0.074
 260 V   0.00000 0.00000 0.00008 0.00067 0.00346 0.01288 0.03887 0.10205 0.24617 0.59582 (10)  0.590
 261 R   0.00000 0.00000 0.00001 0.00022 0.00210 0.01171 0.04507 0.13066 0.29639 0.51384 (10)  0.569
 262 L   0.00000 0.00001 0.00028 0.00224 0.01010 0.03206 0.07975 0.16440 0.28821 0.42295 (10)  0.529
 263 T   0.00000 0.00001 0.00024 0.00194 0.00890 0.02881 0.07342 0.15607 0.28494 0.44568 (10)  0.538
 264 D   0.00000 0.00007 0.00163 0.01102 0.04024 0.09858 0.17833 0.24690 0.25621 0.16702 ( 9)  0.410
 265 H   0.01322 0.06869 0.12832 0.16905 0.18099 0.16505 0.12950 0.08583 0.04495 0.01438 ( 5)  0.181
 266 S   0.27765 0.23623 0.18279 0.12963 0.08398 0.04911 0.02533 0.01100 0.00363 0.00064 ( 1)  0.062
 267 C   0.00023 0.00708 0.03126 0.07436 0.12692 0.17262 0.19498 0.18381 0.13900 0.06976 ( 7)  0.299
 268 L   0.00027 0.00849 0.03667 0.08479 0.13973 0.18221 0.19583 0.17401 0.12238 0.05562 ( 7)  0.283
 269 N   0.26941 0.23129 0.18155 0.13128 0.08720 0.05263 0.02824 0.01292 0.00458 0.00091 ( 1)  0.065
 270 H   0.00000 0.00000 0.00001 0.00018 0.00178 0.01019 0.04052 0.12202 0.28990 0.53539 (10)  0.576
 271 L   0.21891 0.19802 0.16887 0.13643 0.10420 0.07468 0.04951 0.02951 0.01483 0.00504 ( 1)  0.090
 272 L   0.21190 0.19218 0.16481 0.13453 0.10456 0.07711 0.05346 0.03417 0.01923 0.00805 ( 1)  0.098
 273 D   0.00000 0.00000 0.00019 0.00226 0.01287 0.04579 0.11552 0.21862 0.31097 0.29378 ( 9)  0.483
 274 R   0.00000 0.00006 0.00131 0.00904 0.03397 0.08621 0.16304 0.23903 0.26832 0.19903 ( 9)  0.428
 275 C   0.00017 0.00549 0.02486 0.06122 0.10916 0.15664 0.18900 0.19349 0.16311 0.09686 ( 8)  0.325
 276 E   0.00000 0.00017 0.00361 0.02216 0.07159 0.15083 0.22702 0.25029 0.19335 0.08097 ( 8)  0.349
 277 T   0.00014 0.00444 0.02053 0.05187 0.09557 0.14284 0.18127 0.19785 0.18176 0.12374 ( 8)  0.347
 278 Q   0.00000 0.00001 0.00058 0.00620 0.03058 0.09114 0.18514 0.26791 0.26881 0.14964 ( 9)  0.411
 279 L   0.00000 0.00035 0.00379 0.01670 0.04678 0.09761 0.16302 0.22380 0.24913 0.19882 ( 9)  0.418
 280 E   0.01239 0.06479 0.12220 0.16315 0.17771 0.16566 0.13369 0.09195 0.05073 0.01773 ( 5)  0.188
 281 N   0.26853 0.23076 0.18142 0.13146 0.08754 0.05300 0.02855 0.01312 0.00468 0.00093 ( 1)  0.065
 282 L   0.00000 0.00000 0.00000 0.00000 0.00001 0.00016 0.00226 0.02093 0.14438 0.83226 (10)  0.661
 283 D   0.00001 0.00109 0.01049 0.04031 0.09536 0.16289 0.21475 0.22188 0.17242 0.08080 ( 8)  0.333
 284 M   0.00000 0.00000 0.00001 0.00045 0.00503 0.02857 0.09940 0.22893 0.34820 0.28942 ( 9)  0.493
 285 T   0.21927 0.19831 0.16905 0.13650 0.10416 0.07455 0.04932 0.02929 0.01464 0.00492 ( 1)  0.090
 286 P   0.18980 0.17639 0.15701 0.13433 0.11029 0.08641 0.06391 0.04369 0.02632 0.01185 ( 1)  0.112
 287 L   0.00000 0.00002 0.00042 0.00321 0.01390 0.04192 0.09779 0.18595 0.29284 0.36396 (10)  0.506
 288 G   0.00000 0.00001 0.00035 0.00275 0.01210 0.03728 0.08938 0.17609 0.29107 0.39097 (10)  0.517
 289 H   0.00000 0.00008 0.00167 0.01130 0.04117 0.10045 0.18071 0.24819 0.25438 0.16205 ( 9)  0.408
 290 S   0.00000 0.00024 0.00258 0.01166 0.03388 0.07457 0.13415 0.20443 0.26490 0.27359 (10)  0.456
 291 V   0.00000 0.00000 0.00000 0.00001 0.00012 0.00136 0.00984 0.05141 0.21018 0.72709 (10)  0.634
 292 M   0.00000 0.00003 0.00081 0.00587 0.02348 0.06431 0.13350 0.21963 0.28627 0.26610 ( 9)  0.462
 293 I   0.00000 0.00054 0.00548 0.02290 0.06022 0.11712 0.18087 0.22738 0.22806 0.15742 ( 9)  0.391
 294 L   0.25079 0.21963 0.17794 0.13426 0.09411 0.06073 0.03541 0.01799 0.00734 0.00182 ( 1)  0.073
 295 I   0.30386 0.25064 0.18464 0.12265 0.07320 0.03872 0.01767 0.00659 0.00179 0.00023 ( 1)  0.053
 296 T   0.18545 0.17303 0.15498 0.13369 0.11090 0.08800 0.06610 0.04607 0.02846 0.01331 ( 1)  0.116
 297 H   0.00023 0.00721 0.03176 0.07534 0.12817 0.17361 0.19516 0.18292 0.13734 0.06825 ( 7)  0.298
 298 L   0.18005 0.16871 0.15216 0.13251 0.11129 0.08972 0.06880 0.04927 0.03165 0.01583 ( 1)  0.121
 299 L   0.00016 0.00522 0.02383 0.05918 0.10654 0.15448 0.18842 0.19509 0.16652 0.10056 ( 8)  0.329
 300 E   0.00000 0.00001 0.00044 0.00485 0.02482 0.07747 0.16653 0.25862 0.28466 0.18261 ( 9)  0.429
 301 N   0.00075 0.02135 0.08133 0.15885 0.21170 0.21258 0.16575 0.09859 0.04088 0.00820 ( 6)  0.198
 302 I   0.25844 0.22457 0.17968 0.13329 0.09141 0.05736 0.03228 0.01566 0.00599 0.00133 ( 1)  0.069
 303 E   0.02721 0.12852 0.20642 0.22249 0.18538 0.12458 0.06753 0.02843 0.00832 0.00112 ( 4)  0.118
 304 D   0.00001 0.00097 0.00946 0.03694 0.08908 0.15571 0.21091 0.22502 0.18188 0.09001 ( 8)  0.341
 305 K   0.00924 0.04968 0.09787 0.13846 0.16218 0.16524 0.14861 0.11691 0.07681 0.03500 ( 6)  0.220
 306 S   0.00000 0.00000 0.00008 0.00102 0.00642 0.02573 0.07502 0.17006 0.30632 0.41535 (10)  0.532
 307 K   0.32913 0.26292 0.18413 0.11434 0.06272 0.02992 0.01204 0.00385 0.00085 0.00008 ( 1)  0.046
 308 L   0.01278 0.06658 0.12493 0.16565 0.17892 0.16512 0.13169 0.08932 0.04846 0.01657 ( 5)  0.185
 309 Y   0.21337 0.19406 0.16693 0.13641 0.10568 0.07706 0.05216 0.03188 0.01655 0.00590 ( 1)  0.094
 310 A   0.00000 0.00006 0.00138 0.00947 0.03537 0.08907 0.16680 0.24132 0.26578 0.19076 ( 9)  0.424
 311 D   0.28674 0.24136 0.18362 0.12736 0.08027 0.04542 0.02252 0.00933 0.00291 0.00047 ( 1)  0.059
 312 E   0.02928 0.13664 0.21535 0.22629 0.18257 0.11787 0.06078 0.02401 0.00645 0.00076 ( 4)  0.112
 313 A   0.21223 0.19313 0.16628 0.13611 0.10574 0.07745 0.05279 0.03263 0.01726 0.00639 ( 1)  0.095
 314 R   0.01216 0.06369 0.12045 0.16140 0.17665 0.16570 0.13481 0.09374 0.05253 0.01887 ( 5)  0.190
 315 Q   0.28536 0.24061 0.18355 0.12774 0.08084 0.04596 0.02291 0.00955 0.00299 0.00049 ( 1)  0.059
 316 N   0.00059 0.01712 0.06759 0.13845 0.19579 0.21130 0.17976 0.11897 0.05655 0.01389 ( 6)  0.216
 317 I   0.27255 0.23302 0.18177 0.13043 0.08588 0.05136 0.02732 0.01241 0.00439 0.00088 ( 1)  0.064
 318 L   0.01095 0.05798 0.11155 0.15288 0.17200 0.16673 0.14100 0.10261 0.06078 0.02352 ( 5)  0.201
 319 L   0.24414 0.21529 0.17635 0.13503 0.09642 0.06365 0.03817 0.02009 0.00859 0.00228 ( 1)  0.076
 320 M   0.03245 0.14889 0.22832 0.23109 0.17756 0.10768 0.05123 0.01819 0.00420 0.00038 ( 4)  0.105
 321 N   0.02220 0.10827 0.18294 0.21076 0.19060 0.14124 0.08590 0.04142 0.01428 0.00240 ( 4)  0.133
 322 N   0.26902 0.23108 0.18154 0.13140 0.08737 0.05278 0.02835 0.01297 0.00459 0.00090 ( 1)  0.065
 323 L   0.25155 0.22012 0.17811 0.13416 0.09384 0.06039 0.03509 0.01776 0.00721 0.00177 ( 1)  0.073
 324 W   0.00000 0.00030 0.00321 0.01423 0.04036 0.08607 0.14870 0.21473 0.25796 0.23443 ( 9)  0.436
 325 Y   0.01170 0.06153 0.11719 0.15844 0.17528 0.16645 0.13728 0.09688 0.05515 0.02011 ( 5)  0.194
 326 I   0.00000 0.00000 0.00001 0.00017 0.00166 0.00958 0.03848 0.11751 0.28512 0.54746 (10)  0.580
 327 V   0.02232 0.10869 0.18316 0.21044 0.18990 0.14065 0.08578 0.04173 0.01471 0.00262 ( 4)  0.133
 328 Q   0.01750 0.08808 0.15643 0.19265 0.18949 0.15571 0.10753 0.06078 0.02584 0.00600 ( 4)  0.153
 329 K   0.32864 0.26270 0.18415 0.11451 0.06292 0.03009 0.01214 0.00389 0.00087 0.00008 ( 1)  0.046
 330 V   0.00000 0.00002 0.00051 0.00369 0.01485 0.04188 0.09299 0.17393 0.28313 0.38901 (10)  0.513
 331 K   0.00001 0.00153 0.01418 0.05204 0.11622 0.18514 0.22435 0.20910 0.14245 0.05499 ( 7)  0.306
 332 D   0.00000 0.00085 0.00838 0.03317 0.08154 0.14602 0.20402 0.22668 0.19388 0.10545 ( 8)  0.353
 333 S   0.15826 0.15111 0.14040 0.12723 0.11231 0.09624 0.07950 0.06246 0.04526 0.02722 ( 1)  0.143
 334 G   0.02292 0.11120 0.18629 0.21235 0.18972 0.13875 0.08327 0.03966 0.01355 0.00228 ( 4)  0.131
 335 L   0.20289 0.18619 0.16249 0.13545 0.10769 0.08120 0.05739 0.03716 0.02094 0.00859 ( 1)  0.102
 336 K   0.02533 0.12113 0.19830 0.21909 0.18806 0.13079 0.07368 0.03235 0.00989 0.00139 ( 4)  0.122
 337 T   0.00000 0.00000 0.00000 0.00001 0.00020 0.00183 0.01128 0.05304 0.20615 0.72749 (10)  0.634
 338 L   0.00000 0.00003 0.00065 0.00482 0.01980 0.05596 0.12078 0.20868 0.29031 0.29896 (10)  0.478
 339 L   0.21634 0.19619 0.16797 0.13641 0.10488 0.07578 0.05074 0.03061 0.01564 0.00544 ( 1)  0.092
 340 G   0.31333 0.25541 0.18468 0.11968 0.06926 0.03529 0.01539 0.00544 0.00137 0.00016 ( 1)  0.050
 341 D   0.01688 0.08534 0.15260 0.18966 0.18873 0.15734 0.11062 0.06397 0.02804 0.00684 ( 4)  0.157
 342 K   0.00054 0.01598 0.06370 0.13223 0.19021 0.20971 0.18321 0.12545 0.06244 0.01652 ( 6)  0.223
 343 W   0.23556 0.20968 0.17428 0.13601 0.09941 0.06745 0.04176 0.02281 0.01019 0.00286 ( 1)  0.081
 344 I   0.02071 0.10198 0.17495 0.20571 0.19090 0.14604 0.09240 0.04683 0.01726 0.00322 ( 4)  0.138
 345 R   0.00801 0.04358 0.08745 0.12682 0.15326 0.16229 0.15306 0.12780 0.09087 0.04684 ( 6)  0.237
 346 I   0.00000 0.00004 0.00101 0.00780 0.03220 0.08768 0.17272 0.25411 0.27161 0.17281 ( 9)  0.420
 347 H   0.00000 0.00000 0.00003 0.00038 0.00275 0.01306 0.04569 0.12649 0.28646 0.52515 (10)  0.571
 348 R   0.00000 0.00001 0.00036 0.00283 0.01244 0.03821 0.09126 0.17868 0.29225 0.38395 (10)  0.514
 349 R   0.01011 0.05390 0.10486 0.14588 0.16732 0.16615 0.14483 0.10960 0.06847 0.02890 ( 5)  0.210
 350 Q   0.01689 0.08537 0.15265 0.18969 0.18873 0.15731 0.11058 0.06394 0.02802 0.00683 ( 4)  0.157
 351 V   0.01380 0.07128 0.13189 0.17174 0.18147 0.16324 0.12641 0.08289 0.04323 0.01404 ( 5)  0.178
 352 R   0.01894 0.09440 0.16508 0.19910 0.19071 0.15163 0.10049 0.05390 0.02134 0.00441 ( 4)  0.146
 353 T   0.00000 0.00000 0.00002 0.00034 0.00302 0.01584 0.05690 0.15169 0.30979 0.46241 (10)  0.552
 354 Y   0.01334 0.06924 0.12915 0.16980 0.18134 0.16487 0.12889 0.08504 0.04428 0.01405 ( 5)  0.180
 355 S   0.00932 0.05006 0.09852 0.13918 0.16272 0.16540 0.14832 0.11623 0.07596 0.03430 ( 6)  0.219
 356 K   0.00008 0.00271 0.01304 0.03480 0.06871 0.11191 0.15797 0.19727 0.21699 0.19652 ( 9)  0.397
 357 G   0.02268 0.11025 0.18531 0.21203 0.19019 0.13960 0.08401 0.04004 0.01363 0.00226 ( 4)  0.131
 358 Y   0.25812 0.22439 0.17965 0.13337 0.09154 0.05749 0.03238 0.01572 0.00601 0.00133 ( 1)  0.070
 359 L   0.01383 0.07153 0.13257 0.17283 0.18265 0.16398 0.12628 0.08184 0.04167 0.01282 ( 5)  0.176
 360 R   0.00454 0.02563 0.05464 0.08596 0.11519 0.13870 0.15353 0.15715 0.14704 0.11762 ( 8)  0.310
 361 S   0.23284 0.20781 0.17347 0.13617 0.10026 0.06865 0.04299 0.02382 0.01085 0.00314 ( 1)  0.082
 362 S   0.16946 0.16029 0.14673 0.13033 0.11219 0.09319 0.07409 0.05547 0.03771 0.02053 ( 1)  0.131
 363 W   0.23556 0.20968 0.17428 0.13601 0.09941 0.06745 0.04176 0.02281 0.01019 0.00286 ( 1)  0.081
 364 T   0.00000 0.00002 0.00046 0.00352 0.01507 0.04484 0.10295 0.19178 0.29360 0.34777 (10)  0.499
 365 R   0.00001 0.00134 0.01264 0.04738 0.10854 0.17805 0.22295 0.21541 0.15250 0.06118 ( 7)  0.315
 366 V   0.20498 0.18783 0.16351 0.13580 0.10743 0.08045 0.05632 0.03598 0.01986 0.00784 ( 1)  0.100
 367 I   0.00008 0.00276 0.01325 0.03527 0.06943 0.11269 0.15848 0.19711 0.21594 0.19500 ( 9)  0.396
 368 A   0.00000 0.00040 0.00416 0.01790 0.04890 0.09968 0.16324 0.22115 0.24537 0.19920 ( 9)  0.416
 369 C   0.00866 0.04679 0.09300 0.13312 0.15823 0.16414 0.15092 0.12202 0.08310 0.04001 ( 6)  0.228
 370 L   0.01295 0.06739 0.12622 0.16693 0.17967 0.16506 0.13084 0.08801 0.04717 0.01577 ( 5)  0.183
 371 T   0.00040 0.01207 0.04999 0.10926 0.16771 0.20030 0.19311 0.14962 0.08767 0.02987 ( 6)  0.248
 372 D   0.28810 0.24210 0.18371 0.12698 0.07970 0.04488 0.02213 0.00912 0.00282 0.00045 ( 1)  0.058
 373 D   0.28372 0.23967 0.18338 0.12814 0.08151 0.04663 0.02343 0.00987 0.00314 0.00052 ( 1)  0.060
 374 G   0.31142 0.25447 0.18470 0.12030 0.07005 0.03596 0.01583 0.00565 0.00145 0.00017 ( 1)  0.051
 375 L   0.01150 0.06056 0.11555 0.15666 0.17399 0.16615 0.13813 0.09864 0.05720 0.02162 ( 5)  0.196
 376 P   0.00000 0.00011 0.00130 0.00627 0.01972 0.04783 0.09699 0.17183 0.27191 0.38403 (10)  0.506
 377 E   0.00000 0.00000 0.00000 0.00000 0.00011 0.00129 0.00955 0.05083 0.21073 0.72748 (10)  0.634
 378 T   0.00000 0.00000 0.00000 0.00003 0.00037 0.00261 0.01340 0.05567 0.20242 0.72549 (10)  0.632
 379 T   0.00000 0.00001 0.00028 0.00222 0.01004 0.03204 0.08000 0.16529 0.28942 0.42071 (10)  0.529
 380 G   0.00017 0.00554 0.02509 0.06166 0.10968 0.15700 0.18894 0.19295 0.16239 0.09657 ( 8)  0.325
 381 L   0.00459 0.02591 0.05526 0.08692 0.11641 0.13998 0.15448 0.15725 0.14556 0.11365 ( 8)  0.307
 382 S   0.23027 0.20601 0.17264 0.13623 0.10100 0.06977 0.04419 0.02485 0.01156 0.00348 ( 1)  0.084
 383 S   0.23794 0.21128 0.17494 0.13583 0.09864 0.06640 0.04071 0.02196 0.00965 0.00264 ( 1)  0.079
 384 S   0.00009 0.00293 0.01402 0.03713 0.07258 0.11673 0.16218 0.19844 0.21226 0.18365 ( 9)  0.389
 385 L   0.26139 0.22638 0.18019 0.13275 0.09027 0.05608 0.03119 0.01492 0.00562 0.00122 ( 1)  0.068
 386 K   0.00076 0.02162 0.08218 0.16006 0.21256 0.21253 0.16485 0.09744 0.04007 0.00795 ( 5)  0.197
 387 A   0.00000 0.00000 0.00000 0.00010 0.00099 0.00613 0.02688 0.09169 0.25720 0.61701 (10)  0.601
 388 A   0.00797 0.04333 0.08699 0.12623 0.15268 0.16191 0.15304 0.12824 0.09173 0.04788 ( 6)  0.238
 389 M   0.00000 0.00060 0.00611 0.02518 0.06503 0.12375 0.18634 0.22742 0.22023 0.14533 ( 8)  0.382
 390 K   0.32449 0.26075 0.18434 0.11594 0.06463 0.03147 0.01299 0.00429 0.00099 0.00010 ( 1)  0.047
 391 E   0.24369 0.21508 0.17639 0.13523 0.09667 0.06385 0.03826 0.02008 0.00853 0.00222 ( 1)  0.076
 392 R   0.29716 0.24706 0.18433 0.12456 0.07598 0.04130 0.01950 0.00760 0.00219 0.00031 ( 1)  0.055
 393 F   0.28125 0.23833 0.18322 0.12881 0.08253 0.04761 0.02414 0.01026 0.00329 0.00055 ( 1)  0.060
 394 N   0.00001 0.00149 0.01391 0.05156 0.11626 0.18659 0.22684 0.21056 0.14098 0.05179 ( 7)  0.305
 395 S   0.00000 0.00006 0.00131 0.00910 0.03427 0.08713 0.16486 0.24111 0.26832 0.19382 ( 9)  0.426
 396 F   0.27997 0.23758 0.18306 0.12910 0.08305 0.04815 0.02456 0.01053 0.00342 0.00058 ( 1)  0.061
 397 N   0.31080 0.25419 0.18475 0.12053 0.07031 0.03616 0.01593 0.00569 0.00146 0.00017 ( 1)  0.051
 398 L   0.00036 0.00643 0.02630 0.06189 0.10726 0.15119 0.18129 0.18779 0.16559 0.11191 ( 8)  0.331
 399 A   0.00000 0.00000 0.00001 0.00016 0.00155 0.00900 0.03661 0.11353 0.28122 0.55793 (10)  0.583
 400 Y   0.00000 0.00058 0.00585 0.02425 0.06309 0.12113 0.18426 0.22756 0.22340 0.14988 ( 8)  0.386
 401 E   0.33953 0.26740 0.18317 0.11051 0.05852 0.02679 0.01028 0.00311 0.00065 0.00006 ( 1)  0.044
 402 E   0.33524 0.26551 0.18350 0.11205 0.06026 0.02812 0.01105 0.00345 0.00075 0.00007 ( 1)  0.045
 403 L   0.17445 0.16430 0.14937 0.13147 0.11188 0.09164 0.07162 0.05248 0.03469 0.01809 ( 1)  0.126
 404 Y   0.25628 0.22323 0.17928 0.13365 0.09222 0.05830 0.03310 0.01623 0.00629 0.00142 ( 1)  0.070
 405 R   0.01991 0.09856 0.17051 0.20276 0.19085 0.14858 0.09604 0.04999 0.01907 0.00375 ( 4)  0.142
 406 T   0.18404 0.17193 0.15429 0.13345 0.11107 0.08850 0.06682 0.04686 0.02920 0.01384 ( 1)  0.117
 407 Q   0.28195 0.23866 0.18318 0.12855 0.08222 0.04736 0.02400 0.01022 0.00329 0.00056 ( 1)  0.060
 408 T   0.18579 0.17329 0.15514 0.13375 0.11086 0.08788 0.06594 0.04588 0.02829 0.01319 ( 1)  0.115
 409 A   0.00010 0.00333 0.01575 0.04115 0.07906 0.12445 0.16840 0.19929 0.20392 0.16455 ( 9)  0.376
 410 W   0.23556 0.20968 0.17428 0.13601 0.09941 0.06745 0.04176 0.02281 0.01019 0.00286 ( 1)  0.081
 411 K   0.00000 0.00000 0.00000 0.00001 0.00021 0.00232 0.01565 0.07346 0.25476 0.65358 (10)  0.615
 412 V   0.23638 0.21011 0.17428 0.13571 0.09898 0.06706 0.04152 0.02275 0.01026 0.00296 ( 1)  0.080
 413 V   0.02387 0.11505 0.19082 0.21471 0.18883 0.13558 0.07968 0.03707 0.01235 0.00203 ( 4)  0.128
 414 D   0.28536 0.24058 0.18349 0.12769 0.08083 0.04598 0.02295 0.00960 0.00302 0.00050 ( 1)  0.059
 415 P   0.21211 0.19316 0.16647 0.13638 0.10599 0.07759 0.05277 0.03244 0.01697 0.00611 ( 1)  0.095
 416 Q   0.28300 0.23926 0.18330 0.12830 0.08180 0.04693 0.02366 0.01001 0.00320 0.00054 ( 1)  0.060
 417 L   0.17450 0.16322 0.14710 0.12845 0.10891 0.08962 0.07133 0.05442 0.03883 0.02361 ( 1)  0.131
 418 R   0.19545 0.18075 0.15964 0.13514 0.10945 0.08432 0.06105 0.04062 0.02358 0.01000 ( 1)  0.107
 419 E   0.02839 0.13319 0.21168 0.22490 0.18394 0.12073 0.06350 0.02569 0.00711 0.00087 ( 4)  0.114
 420 E   0.02963 0.13802 0.21690 0.22700 0.18213 0.11672 0.05959 0.02321 0.00611 0.00069 ( 4)  0.111
 421 L   0.01207 0.06327 0.11980 0.16077 0.17630 0.16577 0.13526 0.09439 0.05315 0.01923 ( 5)  0.191
 422 K   0.00055 0.01615 0.06424 0.13302 0.19076 0.20963 0.18255 0.12466 0.06198 0.01647 ( 6)  0.222
 423 I   0.01366 0.07068 0.13113 0.17128 0.18159 0.16385 0.12717 0.08342 0.04335 0.01388 ( 5)  0.178
 424 S   0.00000 0.00000 0.00005 0.00061 0.00407 0.01749 0.05558 0.14028 0.29104 0.49088 (10)  0.559
 425 I   0.30253 0.24991 0.18456 0.12301 0.07375 0.03924 0.01805 0.00681 0.00188 0.00025 ( 1)  0.053
 426 L   0.00000 0.00000 0.00001 0.00011 0.00086 0.00455 0.01875 0.06561 0.21008 0.70003 (10)  0.624
 427 E   0.02912 0.13601 0.21467 0.22603 0.18281 0.11839 0.06129 0.02433 0.00658 0.00078 ( 4)  0.113
 428 N   0.00000 0.00013 0.00275 0.01748 0.05909 0.13164 0.21196 0.25376 0.21756 0.10564 ( 8)  0.370
 429 V   0.01699 0.08575 0.15296 0.18959 0.18820 0.15667 0.11021 0.06402 0.02842 0.00718 ( 4)  0.157
 430 L   0.00013 0.00426 0.01975 0.05016 0.09302 0.14012 0.17954 0.19835 0.18521 0.12946 ( 8)  0.351
 431 P   0.00518 0.02905 0.06123 0.09480 0.12444 0.14595 0.15615 0.15280 0.13415 0.09626 ( 7)  0.292
 432 A   0.00668 0.03683 0.07553 0.11273 0.14129 0.15651 0.15608 0.13983 0.10922 0.06530 ( 6)  0.260
 433 Y   0.25644 0.22333 0.17931 0.13363 0.09216 0.05823 0.03304 0.01618 0.00627 0.00141 ( 1)  0.070
 434 R   0.21165 0.19282 0.16630 0.13636 0.10610 0.07779 0.05299 0.03265 0.01713 0.00620 ( 1)  0.095
 435 S   0.00986 0.05270 0.10292 0.14390 0.16606 0.16610 0.14602 0.11161 0.07057 0.03026 ( 6)  0.213
 436 F   0.24466 0.21576 0.17670 0.13520 0.09639 0.06342 0.03781 0.01969 0.00826 0.00211 ( 1)  0.076
 437 V   0.01141 0.06014 0.11486 0.15593 0.17349 0.16606 0.13850 0.09935 0.05802 0.02223 ( 5)  0.197
 438 L   0.00000 0.00001 0.00019 0.00159 0.00745 0.02479 0.06532 0.14479 0.27940 0.47645 (10)  0.549
 439 K   0.00049 0.01439 0.05827 0.12348 0.18224 0.20725 0.18793 0.13464 0.07094 0.02037 ( 6)  0.232
 440 Y   0.00000 0.00083 0.00818 0.03255 0.08038 0.14473 0.20341 0.22741 0.19566 0.10684 ( 8)  0.355
 441 G   0.00000 0.00000 0.00009 0.00078 0.00393 0.01431 0.04224 0.10798 0.25191 0.57876 (10)  0.584
 442 Y   0.00000 0.00004 0.00093 0.00678 0.02713 0.07366 0.14943 0.23514 0.28295 0.22394 ( 9)  0.444
 443 Q   0.00042 0.01247 0.05147 0.11193 0.17066 0.20204 0.19254 0.14684 0.08410 0.02753 ( 6)  0.245
 444 L   0.17783 0.16700 0.15112 0.13219 0.11162 0.09055 0.06993 0.05049 0.03273 0.01655 ( 1)  0.123
 445 V   0.00000 0.00001 0.00020 0.00162 0.00755 0.02502 0.06562 0.14487 0.27884 0.47626 (10)  0.549
 446 T   0.00046 0.01364 0.05563 0.11905 0.17788 0.20540 0.18984 0.13933 0.07584 0.02293 ( 6)  0.236
 447 N   0.00000 0.00000 0.00000 0.00004 0.00055 0.00435 0.02290 0.08838 0.26435 0.61944 (10)  0.604
 448 F   0.00000 0.00000 0.00000 0.00002 0.00026 0.00226 0.01342 0.06017 0.21970 0.70417 (10)  0.627
 449 S   0.00000 0.00018 0.00200 0.00928 0.02776 0.06333 0.11920 0.19245 0.26969 0.31610 (10)  0.476
 450 N   0.00000 0.00001 0.00052 0.00561 0.02818 0.08577 0.17855 0.26580 0.27570 0.15985 ( 9)  0.417
 451 Y   0.21595 0.19593 0.16787 0.13646 0.10502 0.07597 0.05091 0.03074 0.01570 0.00546 ( 1)  0.092
 452 V   0.00000 0.00017 0.00190 0.00922 0.02880 0.06800 0.13033 0.20865 0.27689 0.27603 ( 9)  0.462
 453 K   0.30648 0.25181 0.18444 0.12168 0.07210 0.03788 0.01720 0.00642 0.00175 0.00024 ( 1)  0.052
 454 Y   0.25598 0.22304 0.17923 0.13370 0.09233 0.05843 0.03321 0.01631 0.00633 0.00144 ( 1)  0.070
 455 S   0.00000 0.00000 0.00002 0.00050 0.00436 0.02177 0.07337 0.17973 0.32545 0.39480 (10)  0.529
 456 P   0.00011 0.00354 0.01666 0.04324 0.08239 0.12836 0.17143 0.19952 0.19956 0.15519 ( 9)  0.370
 457 E   0.00078 0.02203 0.08331 0.16127 0.21278 0.21149 0.16336 0.09657 0.04012 0.00828 ( 5)  0.197
 458 D   0.28372 0.23967 0.18338 0.12814 0.08151 0.04663 0.02343 0.00987 0.00314 0.00052 ( 1)  0.060
 459 L   0.00000 0.00008 0.00168 0.01133 0.04117 0.10028 0.18019 0.24747 0.25429 0.16352 ( 9)  0.408
 460 E   0.34060 0.26787 0.18308 0.11012 0.05808 0.02646 0.01009 0.00303 0.00062 0.00005 ( 1)  0.044
 461 N   0.30941 0.25348 0.18473 0.12096 0.07089 0.03667 0.01628 0.00587 0.00152 0.00019 ( 1)  0.051
 462 Q   0.01697 0.08574 0.15315 0.19007 0.18881 0.15708 0.11017 0.06353 0.02775 0.00674 ( 4)  0.156
 463 I   0.00001 0.00109 0.01046 0.04009 0.09461 0.16140 0.21294 0.22106 0.17398 0.08436 ( 8)  0.335
 464 L   0.00004 0.00152 0.00761 0.02150 0.04560 0.08111 0.12765 0.18283 0.24129 0.29085 (10)  0.450
 465 D   0.28372 0.23967 0.18338 0.12814 0.08151 0.04663 0.02343 0.00987 0.00314 0.00052 ( 1)  0.060
 466 F   0.00036 0.01098 0.04609 0.10251 0.16072 0.19685 0.19547 0.15678 0.09577 0.03449 ( 6)  0.256
 467 F   0.23971 0.21247 0.17542 0.13568 0.09805 0.06561 0.03993 0.02135 0.00927 0.00249 ( 1)  0.078
 468 E   0.01114 0.05890 0.11298 0.15423 0.17273 0.16654 0.13998 0.10119 0.05948 0.02282 ( 5)  0.199
 469 G   0.31281 0.25515 0.18469 0.11985 0.06947 0.03547 0.01550 0.00549 0.00139 0.00016 ( 1)  0.051


lnL = -11446.956241

