Supplemental results for CODEML (seqf: Exo70F1_nr_Poaceae_c_Os_FL_PRANK.phy  treef: RAxML_bestTree.Exo70F1_nr_Poaceae_c_Os_FL_PRANK)


dN/dS (w) for site classes (K=3)

p:   0.82131  0.06661  0.11208
w:   0.13904  1.00000  1.00000

Naive Empirical Bayes (NEB) probabilities for 3 classes & postmean_w
(amino acids refer to 1st sequence: HlaRGH2)

   1 M   1.00000 0.00000 0.00000 ( 1)  0.139
   2 A   0.69373 0.11417 0.19210 ( 1)  0.403
   3 R   0.99079 0.00343 0.00578 ( 1)  0.147
   4 L   0.99911 0.00033 0.00056 ( 1)  0.140
   5 E   0.99344 0.00244 0.00411 ( 1)  0.145
   6 D   0.99925 0.00028 0.00047 ( 1)  0.140
   7 E   0.99999 0.00000 0.00001 ( 1)  0.139
   8 F   0.99977 0.00008 0.00014 ( 1)  0.139
   9 S   0.95325 0.01743 0.02932 ( 1)  0.179
  10 K   0.98839 0.00433 0.00728 ( 1)  0.149
  11 L   0.99892 0.00040 0.00068 ( 1)  0.140
  12 L   0.99923 0.00029 0.00049 ( 1)  0.140
  13 I   0.78667 0.07952 0.13381 ( 1)  0.323
  14 R   0.76816 0.08642 0.14542 ( 1)  0.339
  15 G   0.99996 0.00001 0.00002 ( 1)  0.139
  16 T   0.92321 0.02862 0.04816 ( 1)  0.205
  17 V   0.43271 0.21147 0.35582 ( 1)  0.627
  18 S   0.70346 0.11054 0.18600 ( 1)  0.394
  19 L   0.99938 0.00023 0.00039 ( 1)  0.140
  20 T   0.33733 0.24702 0.41565 ( 3)  0.710
  21 P   0.01211 0.36825 0.61964 ( 3)  0.990
  22 E   0.99991 0.00003 0.00006 ( 1)  0.139
  23 D   0.99997 0.00001 0.00002 ( 1)  0.139
  24 L   0.99393 0.00226 0.00381 ( 1)  0.144
  25 H   0.99855 0.00054 0.00091 ( 1)  0.140
  26 A   0.99840 0.00060 0.00100 ( 1)  0.140
  27 L   0.96743 0.01214 0.02043 ( 1)  0.167
  28 L   0.82290 0.06602 0.11108 ( 1)  0.292
  29 P   0.66799 0.12376 0.20825 ( 1)  0.425
  30 Q   0.80852 0.07138 0.12010 ( 1)  0.304
  31 L   0.99940 0.00022 0.00037 ( 1)  0.140
  32 S   0.93204 0.02533 0.04263 ( 1)  0.198
  33 P   0.98509 0.00556 0.00935 ( 1)  0.152
  34 T   0.99981 0.00007 0.00012 ( 1)  0.139
  35 V   0.99774 0.00084 0.00142 ( 1)  0.141
  36 S   0.98975 0.00382 0.00643 ( 1)  0.148
  37 T   0.00392 0.37130 0.62477 ( 3)  0.997
  38 F   0.97803 0.00819 0.01378 ( 1)  0.158
  39 S   0.00128 0.37229 0.62643 ( 3)  0.999
  40 S   0.51404 0.18115 0.30481 ( 1)  0.557
  41 S   0.99872 0.00048 0.00080 ( 1)  0.140
  42 V   0.56761 0.16118 0.27121 ( 1)  0.511
  43 F   0.98377 0.00605 0.01018 ( 1)  0.153
  44 D   0.99793 0.00077 0.00130 ( 1)  0.141
  45 S   0.01821 0.36598 0.61581 ( 3)  0.984
  46 E   0.99991 0.00003 0.00006 ( 1)  0.139
  47 I   0.99938 0.00023 0.00039 ( 1)  0.140
  48 L   0.58807 0.15355 0.25838 ( 1)  0.494
  49 L   0.96612 0.01263 0.02125 ( 1)  0.168
  50 I   0.97780 0.00828 0.01392 ( 1)  0.158
  51 F   0.00065 0.37252 0.62683 ( 3)  0.999
  52 P   0.99924 0.00028 0.00048 ( 1)  0.140
  53 Y   0.29178 0.26400 0.44422 ( 3)  0.749
  54 N   0.99400 0.00224 0.00377 ( 1)  0.144
  55 I   0.99803 0.00073 0.00123 ( 1)  0.141
  56 S   0.21694 0.29190 0.49116 ( 3)  0.813
  57 I   0.00016 0.37271 0.62714 ( 3)  1.000
  58 L   0.99937 0.00023 0.00039 ( 1)  0.140
  59 K   0.98577 0.00530 0.00892 ( 1)  0.151
  60 D   0.99978 0.00008 0.00014 ( 1)  0.139
  61 I   0.99987 0.00005 0.00008 ( 1)  0.139
  62 A   0.99736 0.00099 0.00166 ( 1)  0.141
  63 D   0.99804 0.00073 0.00123 ( 1)  0.141
  64 V   0.99843 0.00058 0.00098 ( 1)  0.140
  65 L   0.99922 0.00029 0.00049 ( 1)  0.140
  66 L   0.99918 0.00030 0.00051 ( 1)  0.140
  67 H   0.00148 0.37221 0.62631 ( 3)  0.999
  68 A   0.98519 0.00552 0.00929 ( 1)  0.152
  69 C   0.99830 0.00064 0.00107 ( 1)  0.141
  70 H   0.82887 0.06379 0.10734 ( 1)  0.286
  71 V   0.00724 0.37007 0.62270 ( 3)  0.994
  72 P   0.10263 0.33451 0.56286 ( 3)  0.912
  73 K   0.99984 0.00006 0.00010 ( 1)  0.139
  74 L   0.98378 0.00604 0.01017 ( 1)  0.153
  75 C   0.02725 0.36261 0.61014 ( 3)  0.977
  76 Q   0.99979 0.00008 0.00013 ( 1)  0.139
  77 V   0.98777 0.00456 0.00767 ( 1)  0.150
  78 Y   0.99934 0.00025 0.00042 ( 1)  0.140
  79 V   0.00752 0.36996 0.62252 ( 3)  0.994
  80 K   0.39302 0.22626 0.38072 ( 1)  0.662
  81 A   0.99606 0.00147 0.00247 ( 1)  0.142
  82 R   0.99297 0.00262 0.00441 ( 1)  0.145
  83 R   0.99623 0.00140 0.00236 ( 1)  0.142
  84 D   0.98695 0.00487 0.00819 ( 1)  0.150
  85 T   0.96089 0.01458 0.02453 ( 1)  0.173
  86 F   0.98391 0.00600 0.01009 ( 1)  0.153
  87 M   0.99382 0.00230 0.00388 ( 1)  0.144
  88 E   0.99990 0.00004 0.00006 ( 1)  0.139
  89 C   0.99881 0.00044 0.00075 ( 1)  0.140
  90 L   0.99933 0.00025 0.00042 ( 1)  0.140
  91 S   0.09175 0.33857 0.56969 ( 3)  0.921
  92 V   0.88230 0.04387 0.07383 ( 1)  0.240
  93 L   0.99637 0.00135 0.00227 ( 1)  0.142
  94 G   0.99968 0.00012 0.00020 ( 1)  0.139
  95 V   0.99973 0.00010 0.00017 ( 1)  0.139
  96 D   0.99997 0.00001 0.00002 ( 1)  0.139
  97 K   0.99998 0.00001 0.00002 ( 1)  0.139
  98 M   0.99996 0.00002 0.00003 ( 1)  0.139
  99 S   0.99845 0.00058 0.00097 ( 1)  0.140
 100 L   0.99904 0.00036 0.00060 ( 1)  0.140
 101 E   0.99999 0.00000 0.00001 ( 1)  0.139
 102 E   0.99999 0.00000 0.00001 ( 1)  0.139
 103 V   0.99995 0.00002 0.00003 ( 1)  0.139
 104 Q   0.99979 0.00008 0.00013 ( 1)  0.139
 105 R   0.73760 0.09781 0.16458 ( 1)  0.365
 106 V   0.96158 0.01432 0.02410 ( 1)  0.172
 107 E   0.99525 0.00177 0.00298 ( 1)  0.143
 108 W   0.99831 0.00063 0.00106 ( 1)  0.140
 109 G   0.96936 0.01142 0.01922 ( 1)  0.165
 110 V   0.17732 0.30667 0.51601 ( 3)  0.847
 111 L   0.99938 0.00023 0.00039 ( 1)  0.140
 112 D   0.87657 0.04601 0.07742 ( 1)  0.245
 113 G   0.54746 0.16869 0.28385 ( 1)  0.529
 114 K   0.99998 0.00001 0.00002 ( 1)  0.139
 115 M   1.00000 0.00000 0.00000 ( 1)  0.139
 116 K   0.99859 0.00053 0.00088 ( 1)  0.140
 117 K   0.99871 0.00048 0.00081 ( 1)  0.140
 118 W   0.99831 0.00063 0.00106 ( 1)  0.140
 119 I   0.99899 0.00038 0.00064 ( 1)  0.140
 120 Q   0.99842 0.00059 0.00099 ( 1)  0.140
 121 A   0.99989 0.00004 0.00007 ( 1)  0.139
 122 L   0.99561 0.00164 0.00275 ( 1)  0.143
 123 K   0.98721 0.00477 0.00802 ( 1)  0.150
 124 V   0.99988 0.00004 0.00007 ( 1)  0.139
 125 V   0.99977 0.00009 0.00015 ( 1)  0.139
 126 V   0.99981 0.00007 0.00012 ( 1)  0.139
 127 Q   0.98453 0.00577 0.00971 ( 1)  0.152
 128 G   0.99979 0.00008 0.00013 ( 1)  0.139
 129 L   0.99653 0.00129 0.00218 ( 1)  0.142
 130 L   0.97782 0.00827 0.01391 ( 1)  0.158
 131 A   0.99935 0.00024 0.00040 ( 1)  0.140
 132 E   0.99999 0.00000 0.00001 ( 1)  0.139
 133 E   0.99999 0.00000 0.00001 ( 1)  0.139
 134 R   0.99899 0.00037 0.00063 ( 1)  0.140
 135 R   0.99298 0.00262 0.00440 ( 1)  0.145
 136 I   0.99983 0.00006 0.00011 ( 1)  0.139
 137 C   0.97271 0.01017 0.01712 ( 1)  0.163
 138 S   0.21630 0.29214 0.49157 ( 3)  0.814
 139 Q   0.99979 0.00008 0.00013 ( 1)  0.139
 140 I   0.99941 0.00022 0.00037 ( 1)  0.140
 141 L   0.47699 0.19496 0.32805 ( 1)  0.589
 142 A   0.94892 0.01904 0.03204 ( 1)  0.183
 143 G   0.15383 0.31542 0.53075 ( 3)  0.868
 144 D   0.99935 0.00024 0.00041 ( 1)  0.140
 145 A   0.99687 0.00117 0.00197 ( 1)  0.142
 146 D   0.13566 0.32220 0.54214 ( 3)  0.883
 147 A   0.74921 0.09348 0.15730 ( 1)  0.355
 148 E   0.99987 0.00005 0.00008 ( 1)  0.139
 149 E   0.99951 0.00018 0.00031 ( 1)  0.139
 150 E   0.99987 0.00005 0.00008 ( 1)  0.139
 151 C   0.99891 0.00041 0.00068 ( 1)  0.140
 152 F   0.99905 0.00035 0.00059 ( 1)  0.140
 153 T   0.97627 0.00885 0.01488 ( 1)  0.159
 154 E   0.99904 0.00036 0.00060 ( 1)  0.140
 155 A   0.94744 0.01959 0.03297 ( 1)  0.184
 156 A   0.99976 0.00009 0.00015 ( 1)  0.139
 157 K   0.99993 0.00003 0.00005 ( 1)  0.139
 158 G   0.99990 0.00004 0.00006 ( 1)  0.139
 159 C   0.97236 0.01030 0.01734 ( 1)  0.163
 160 V   0.99850 0.00056 0.00094 ( 1)  0.140
 161 L   0.99886 0.00043 0.00072 ( 1)  0.140
 162 Q   0.99959 0.00015 0.00026 ( 1)  0.139
 163 L   0.99919 0.00030 0.00051 ( 1)  0.140
 164 L   0.99936 0.00024 0.00040 ( 1)  0.140
 165 N   0.55876 0.16448 0.27676 ( 1)  0.519
 166 F   0.99875 0.00047 0.00078 ( 1)  0.140
 167 G   0.56165 0.16340 0.27494 ( 1)  0.516
 168 D   0.99979 0.00008 0.00013 ( 1)  0.139
 169 A   0.97641 0.00879 0.01480 ( 1)  0.159
 170 I   0.99932 0.00025 0.00042 ( 1)  0.140
 171 A   0.99719 0.00105 0.00176 ( 1)  0.141
 172 I   0.96091 0.01457 0.02452 ( 1)  0.173
 173 G   0.97717 0.00851 0.01432 ( 1)  0.159
 174 K   0.99997 0.00001 0.00002 ( 1)  0.139
 175 R   0.86348 0.05089 0.08563 ( 1)  0.257
 176 S   0.99878 0.00045 0.00076 ( 1)  0.140
 177 S   0.98750 0.00466 0.00784 ( 1)  0.150
 178 E   0.99999 0.00000 0.00001 ( 1)  0.139
 179 K   0.99998 0.00001 0.00002 ( 1)  0.139
 180 L   0.99894 0.00039 0.00066 ( 1)  0.140
 181 F   0.99977 0.00009 0.00015 ( 1)  0.139
 182 R   0.98351 0.00615 0.01034 ( 1)  0.153
 183 I   0.99941 0.00022 0.00037 ( 1)  0.140
 184 L   0.99691 0.00115 0.00194 ( 1)  0.142
 185 G   0.00253 0.37182 0.62565 ( 3)  0.998
 186 M   1.00000 0.00000 0.00000 ( 1)  0.139
 187 Y   0.99677 0.00120 0.00202 ( 1)  0.142
 188 E   0.99998 0.00001 0.00001 ( 1)  0.139
 189 A   0.99964 0.00013 0.00023 ( 1)  0.139
 190 L   0.97931 0.00771 0.01298 ( 1)  0.157
 191 A   0.98721 0.00477 0.00802 ( 1)  0.150
 192 E   0.99998 0.00001 0.00001 ( 1)  0.139
 193 L   0.74483 0.09512 0.16005 ( 1)  0.359
 194 L   0.99412 0.00219 0.00369 ( 1)  0.144
 195 P   0.53599 0.17297 0.29104 ( 1)  0.539
 196 E   0.99877 0.00046 0.00077 ( 1)  0.140
 197 L   0.99882 0.00044 0.00074 ( 1)  0.140
 198 E   0.99903 0.00036 0.00061 ( 1)  0.140
 199 A   0.38747 0.22833 0.38420 ( 1)  0.666
 200 L   0.98970 0.00384 0.00646 ( 1)  0.148
 201 F   0.99977 0.00008 0.00014 ( 1)  0.139
 202 S   0.97168 0.01056 0.01776 ( 1)  0.163
 203 G   0.99177 0.00307 0.00516 ( 1)  0.146
 204 E   0.27181 0.27144 0.45675 ( 3)  0.766
 205 A   0.97409 0.00966 0.01625 ( 1)  0.161
 206 R   0.99981 0.00007 0.00012 ( 1)  0.139
 207 D   0.99817 0.00068 0.00115 ( 1)  0.141
 208 F   0.79573 0.07615 0.12813 ( 1)  0.315
 209 I   0.99941 0.00022 0.00037 ( 1)  0.140
 210 K   0.99995 0.00002 0.00003 ( 1)  0.139
 211 E   0.92218 0.02901 0.04881 ( 1)  0.206
 212 E   0.99999 0.00001 0.00001 ( 1)  0.139
 213 A   0.95468 0.01689 0.02843 ( 1)  0.178
 214 Q   0.94179 0.02170 0.03651 ( 1)  0.189
 215 G   0.62311 0.14049 0.23640 ( 1)  0.464
 216 I   0.96134 0.01441 0.02425 ( 1)  0.172
 217 L   0.99866 0.00050 0.00084 ( 1)  0.140
 218 S   0.00005 0.37275 0.62720 ( 3)  1.000
 219 R   0.00269 0.37176 0.62555 ( 3)  0.998
 220 L   0.87120 0.04801 0.08079 ( 1)  0.250
 221 G   0.99993 0.00003 0.00004 ( 1)  0.139
 222 D   0.99979 0.00008 0.00013 ( 1)  0.139
 223 A   0.99641 0.00134 0.00225 ( 1)  0.142
 224 V   0.99995 0.00002 0.00003 ( 1)  0.139
 225 R   0.99445 0.00207 0.00348 ( 1)  0.144
 226 G   0.98985 0.00378 0.00636 ( 1)  0.148
 227 T   0.97750 0.00839 0.01411 ( 1)  0.158
 228 V   0.59548 0.15079 0.25373 ( 1)  0.487
 229 A   0.90306 0.03614 0.06081 ( 1)  0.223
 230 E   0.99922 0.00029 0.00049 ( 1)  0.140
 231 L   0.98905 0.00408 0.00687 ( 1)  0.148
 232 I   0.98692 0.00488 0.00820 ( 1)  0.150
 233 K   0.97991 0.00749 0.01260 ( 1)  0.156
 234 A   0.83733 0.06064 0.10203 ( 1)  0.279
 235 I   0.99496 0.00188 0.00316 ( 1)  0.143
 236 R   0.15691 0.31428 0.52882 ( 3)  0.865
 237 G   0.99718 0.00105 0.00177 ( 1)  0.141
 238 D   0.99984 0.00006 0.00010 ( 1)  0.139
 239 P   0.94953 0.01881 0.03165 ( 1)  0.182
 240 C   0.99130 0.00324 0.00546 ( 1)  0.147
 241 K   0.29180 0.26399 0.44421 ( 3)  0.749
 242 S   0.00005 0.37275 0.62720 ( 3)  1.000
 243 L   0.88618 0.04243 0.07139 ( 1)  0.237
 244 P   0.66048 0.12656 0.21296 ( 1)  0.431
 245 D   0.97661 0.00872 0.01467 ( 1)  0.159
 246 D   0.99778 0.00083 0.00140 ( 1)  0.141
 247 G   0.99983 0.00006 0.00011 ( 1)  0.139
 248 I   0.99991 0.00003 0.00006 ( 1)  0.139
 249 H   0.99981 0.00007 0.00012 ( 1)  0.139
 250 P   0.99677 0.00121 0.00203 ( 1)  0.142
 251 L   0.55000 0.16774 0.28226 ( 1)  0.526
 252 T   0.99575 0.00158 0.00267 ( 1)  0.143
 253 R   0.99732 0.00100 0.00168 ( 1)  0.141
 254 Y   0.99887 0.00042 0.00071 ( 1)  0.140
 255 V   0.99979 0.00008 0.00013 ( 1)  0.139
 256 M   1.00000 0.00000 0.00000 ( 1)  0.139
 257 N   0.99990 0.00004 0.00006 ( 1)  0.139
 258 Y   0.97139 0.01067 0.01795 ( 1)  0.164
 259 V   0.99893 0.00040 0.00067 ( 1)  0.140
 260 V   0.01025 0.36895 0.62080 ( 3)  0.991
 261 R   0.01033 0.36892 0.62076 ( 3)  0.991
 262 L   0.06945 0.34688 0.58367 ( 3)  0.940
 263 T   0.05652 0.35170 0.59179 ( 3)  0.951
 264 D   0.63102 0.13754 0.23144 ( 1)  0.457
 265 H   0.99487 0.00191 0.00322 ( 1)  0.143
 266 S   0.99974 0.00010 0.00016 ( 1)  0.139
 267 C   0.94676 0.01985 0.03340 ( 1)  0.185
 268 L   0.96206 0.01414 0.02380 ( 1)  0.172
 269 N   0.99959 0.00015 0.00026 ( 1)  0.139
 270 H   0.00794 0.36981 0.62225 ( 3)  0.993
 271 L   0.99661 0.00126 0.00213 ( 1)  0.142
 272 L   0.99255 0.00278 0.00468 ( 1)  0.145
 273 D   0.17424 0.30782 0.51795 ( 3)  0.850
 274 R   0.52375 0.17753 0.29872 ( 1)  0.549
 275 C   0.90027 0.03717 0.06255 ( 1)  0.225
 276 E   0.90755 0.03446 0.05799 ( 1)  0.219
 277 T   0.84746 0.05686 0.09568 ( 1)  0.270
 278 Q   0.63220 0.13710 0.23070 ( 1)  0.456
 279 L   0.56356 0.16269 0.27375 ( 1)  0.515
 280 E   0.99268 0.00273 0.00459 ( 1)  0.145
 281 N   0.99957 0.00016 0.00027 ( 1)  0.139
 282 L   0.00001 0.37276 0.62723 ( 3)  1.000
 283 D   0.92191 0.02911 0.04898 ( 1)  0.206
 284 M   0.09198 0.33848 0.56954 ( 3)  0.921
 285 T   0.99686 0.00117 0.00197 ( 1)  0.142
 286 P   0.99008 0.00370 0.00622 ( 1)  0.148
 287 L   0.11623 0.32944 0.55433 ( 3)  0.900
 288 G   0.09775 0.33633 0.56592 ( 3)  0.916
 289 H   0.64841 0.13106 0.22053 ( 1)  0.442
 290 S   0.35914 0.23889 0.40197 ( 3)  0.691
 291 V   0.00020 0.37269 0.62711 ( 3)  1.000
 292 M   0.30136 0.26043 0.43821 ( 3)  0.741
 293 I   0.74018 0.09685 0.16297 ( 1)  0.363
 294 L   0.99898 0.00038 0.00064 ( 1)  0.140
 295 I   0.99992 0.00003 0.00005 ( 1)  0.139
 296 T   0.98869 0.00421 0.00709 ( 1)  0.149
 297 H   0.94643 0.01997 0.03360 ( 1)  0.185
 298 L   0.98499 0.00560 0.00942 ( 1)  0.152
 299 L   0.89360 0.03966 0.06674 ( 1)  0.231
 300 E   0.49417 0.18856 0.31727 ( 1)  0.575
 301 N   0.99848 0.00057 0.00096 ( 1)  0.140
 302 I   0.99935 0.00024 0.00040 ( 1)  0.140
 303 E   0.99983 0.00006 0.00011 ( 1)  0.139
 304 D   0.90721 0.03459 0.05820 ( 1)  0.219
 305 K   0.97999 0.00746 0.01255 ( 1)  0.156
 306 S   0.05177 0.35347 0.59477 ( 3)  0.955
 307 K   0.99998 0.00001 0.00002 ( 1)  0.139
 308 L   0.99326 0.00251 0.00423 ( 1)  0.145
 309 Y   0.99595 0.00151 0.00254 ( 1)  0.143
 310 A   0.54459 0.16976 0.28565 ( 1)  0.531
 311 D   0.99980 0.00007 0.00012 ( 1)  0.139
 312 E   0.99990 0.00004 0.00006 ( 1)  0.139
 313 A   0.99545 0.00170 0.00285 ( 1)  0.143
 314 R   0.99182 0.00305 0.00513 ( 1)  0.146
 315 Q   0.99979 0.00008 0.00013 ( 1)  0.139
 316 N   0.99652 0.00130 0.00218 ( 1)  0.142
 317 I   0.99960 0.00015 0.00025 ( 1)  0.139
 318 L   0.98906 0.00408 0.00686 ( 1)  0.148
 319 L   0.99864 0.00051 0.00085 ( 1)  0.140
 320 M   0.99996 0.00001 0.00002 ( 1)  0.139
 321 N   0.99958 0.00016 0.00026 ( 1)  0.139
 322 N   0.99959 0.00015 0.00026 ( 1)  0.139
 323 L   0.99901 0.00037 0.00062 ( 1)  0.140
 324 W   0.45508 0.20313 0.34180 ( 1)  0.608
 325 Y   0.99149 0.00317 0.00534 ( 1)  0.146
 326 I   0.00719 0.37009 0.62273 ( 3)  0.994
 327 V   0.99951 0.00018 0.00031 ( 1)  0.139
 328 Q   0.99841 0.00059 0.00100 ( 1)  0.140
 329 K   0.99998 0.00001 0.00002 ( 1)  0.139
 330 V   0.08574 0.34080 0.57345 ( 3)  0.926
 331 K   0.96397 0.01343 0.02260 ( 1)  0.170
 332 D   0.86775 0.04930 0.08295 ( 1)  0.253
 333 S   0.97064 0.01094 0.01841 ( 1)  0.164
 334 G   0.99958 0.00016 0.00026 ( 1)  0.139
 335 L   0.99302 0.00260 0.00438 ( 1)  0.145
 336 K   0.99980 0.00007 0.00013 ( 1)  0.139
 337 T   0.00036 0.37263 0.62701 ( 3)  1.000
 338 L   0.22126 0.29029 0.48845 ( 3)  0.810
 339 L   0.99628 0.00139 0.00234 ( 1)  0.142
 340 G   0.99995 0.00002 0.00003 ( 1)  0.139
 341 D   0.99816 0.00069 0.00116 ( 1)  0.141
 342 K   0.99538 0.00172 0.00290 ( 1)  0.143
 343 W   0.99831 0.00063 0.00106 ( 1)  0.140
 344 I   0.99938 0.00023 0.00039 ( 1)  0.140
 345 R   0.96857 0.01172 0.01972 ( 1)  0.166
 346 I   0.58772 0.15368 0.25859 ( 1)  0.494
 347 H   0.01267 0.36804 0.61928 ( 3)  0.989
 348 R   0.10370 0.33411 0.56219 ( 3)  0.911
 349 R   0.98551 0.00540 0.00909 ( 1)  0.152
 350 Q   0.99807 0.00072 0.00121 ( 1)  0.141
 351 V   0.99495 0.00188 0.00317 ( 1)  0.143
 352 R   0.99909 0.00034 0.00057 ( 1)  0.140
 353 T   0.01963 0.36545 0.61492 ( 3)  0.983
 354 Y   0.99504 0.00185 0.00311 ( 1)  0.143
 355 S   0.98093 0.00711 0.01196 ( 1)  0.155
 356 K   0.64766 0.13134 0.22100 ( 1)  0.442
 357 G   0.99962 0.00014 0.00024 ( 1)  0.139
 358 Y   0.99936 0.00024 0.00040 ( 1)  0.140
 359 L   0.99559 0.00164 0.00276 ( 1)  0.143
 360 R   0.84931 0.05617 0.09452 ( 1)  0.269
 361 S   0.99819 0.00067 0.00113 ( 1)  0.141
 362 S   0.97985 0.00751 0.01264 ( 1)  0.156
 363 W   0.99831 0.00063 0.00106 ( 1)  0.140
 364 T   0.14872 0.31733 0.53395 ( 3)  0.872
 365 R   0.95768 0.01577 0.02654 ( 1)  0.175
 366 V   0.99406 0.00222 0.00373 ( 1)  0.144
 367 I   0.64539 0.13219 0.22243 ( 1)  0.444
 368 A   0.59153 0.15226 0.25621 ( 1)  0.491
 369 C   0.97545 0.00915 0.01540 ( 1)  0.160
 370 L   0.99374 0.00234 0.00393 ( 1)  0.144
 371 T   0.98816 0.00441 0.00742 ( 1)  0.149
 372 D   0.99981 0.00007 0.00012 ( 1)  0.139
 373 D   0.99978 0.00008 0.00014 ( 1)  0.139
 374 G   0.99994 0.00002 0.00004 ( 1)  0.139
 375 L   0.98985 0.00379 0.00637 ( 1)  0.148
 376 P   0.14389 0.31913 0.53698 ( 3)  0.876
 377 E   0.00018 0.37270 0.62712 ( 3)  1.000
 378 T   0.00064 0.37253 0.62683 ( 3)  0.999
 379 T   0.06849 0.34724 0.58427 ( 3)  0.941
 380 G   0.90142 0.03675 0.06183 ( 1)  0.224
 381 L   0.86241 0.05129 0.08630 ( 1)  0.258
 382 S   0.99796 0.00076 0.00128 ( 1)  0.141
 383 S   0.99854 0.00055 0.00092 ( 1)  0.140
 384 S   0.68596 0.11706 0.19698 ( 1)  0.409
 385 L   0.99940 0.00022 0.00038 ( 1)  0.140
 386 K   0.99854 0.00055 0.00092 ( 1)  0.140
 387 A   0.00304 0.37163 0.62533 ( 3)  0.997
 388 A   0.96747 0.01213 0.02040 ( 1)  0.167
 389 M   0.75634 0.09083 0.15283 ( 1)  0.349
 390 K   0.99997 0.00001 0.00002 ( 1)  0.139
 391 E   0.99875 0.00046 0.00078 ( 1)  0.140
 392 R   0.99989 0.00004 0.00007 ( 1)  0.139
 393 F   0.99977 0.00008 0.00014 ( 1)  0.139
 394 N   0.96681 0.01237 0.02082 ( 1)  0.168
 395 S   0.54109 0.17106 0.28784 ( 1)  0.534
 396 F   0.99976 0.00009 0.00015 ( 1)  0.139
 397 N   0.99994 0.00002 0.00004 ( 1)  0.139
 398 L   0.84493 0.05780 0.09726 ( 1)  0.273
 399 A   0.00652 0.37034 0.62315 ( 3)  0.994
 400 Y   0.75297 0.09208 0.15494 ( 1)  0.352
 401 E   0.99998 0.00001 0.00001 ( 1)  0.139
 402 E   0.99998 0.00001 0.00001 ( 1)  0.139
 403 L   0.98206 0.00669 0.01125 ( 1)  0.154
 404 Y   0.99930 0.00026 0.00044 ( 1)  0.140
 405 R   0.99926 0.00028 0.00047 ( 1)  0.140
 406 T   0.98810 0.00444 0.00746 ( 1)  0.149
 407 Q   0.99975 0.00009 0.00016 ( 1)  0.139
 408 T   0.98883 0.00416 0.00700 ( 1)  0.149
 409 A   0.74103 0.09654 0.16244 ( 1)  0.362
 410 W   0.99831 0.00063 0.00106 ( 1)  0.140
 411 K   0.00059 0.37255 0.62686 ( 3)  0.999
 412 V   0.99824 0.00065 0.00110 ( 1)  0.141
 413 V   0.99965 0.00013 0.00022 ( 1)  0.139
 414 D   0.99979 0.00008 0.00013 ( 1)  0.139
 415 P   0.99580 0.00157 0.00264 ( 1)  0.143
 416 Q   0.99976 0.00009 0.00015 ( 1)  0.139
 417 L   0.96878 0.01164 0.01958 ( 1)  0.166
 418 R   0.99215 0.00293 0.00493 ( 1)  0.146
 419 E   0.99988 0.00004 0.00007 ( 1)  0.139
 420 E   0.99991 0.00003 0.00005 ( 1)  0.139
 421 L   0.99139 0.00321 0.00540 ( 1)  0.146
 422 K   0.99540 0.00171 0.00288 ( 1)  0.143
 423 I   0.99497 0.00188 0.00316 ( 1)  0.143
 424 S   0.02241 0.36441 0.61318 ( 3)  0.981
 425 I   0.99991 0.00003 0.00006 ( 1)  0.139
 426 L   0.00166 0.37215 0.62619 ( 3)  0.999
 427 E   0.99989 0.00004 0.00007 ( 1)  0.139
 428 N   0.84943 0.05613 0.09444 ( 1)  0.269
 429 V   0.99804 0.00073 0.00123 ( 1)  0.141
 430 L   0.82783 0.06418 0.10799 ( 1)  0.287
 431 P   0.89541 0.03899 0.06560 ( 1)  0.229
 432 A   0.94608 0.02010 0.03382 ( 1)  0.185
 433 Y   0.99931 0.00026 0.00043 ( 1)  0.140
 434 R   0.99573 0.00159 0.00268 ( 1)  0.143
 435 S   0.98457 0.00575 0.00968 ( 1)  0.152
 436 F   0.99886 0.00043 0.00072 ( 1)  0.140
 437 V   0.99002 0.00372 0.00626 ( 1)  0.148
 438 L   0.04087 0.35753 0.60160 ( 3)  0.965
 439 K   0.99385 0.00229 0.00386 ( 1)  0.144
 440 Y   0.86723 0.04949 0.08328 ( 1)  0.253
 441 G   0.01314 0.36787 0.61899 ( 3)  0.989
 442 Y   0.42159 0.21561 0.36280 ( 1)  0.637
 443 Q   0.98852 0.00428 0.00720 ( 1)  0.149
 444 L   0.98411 0.00592 0.00997 ( 1)  0.153
 445 V   0.04104 0.35747 0.60149 ( 3)  0.965
 446 T   0.99249 0.00280 0.00471 ( 1)  0.146
 447 N   0.00171 0.37213 0.62616 ( 3)  0.999
 448 F   0.00049 0.37258 0.62692 ( 3)  1.000
 449 S   0.26075 0.27557 0.46368 ( 3)  0.776
 450 N   0.60147 0.14856 0.24997 ( 1)  0.482
 451 Y   0.99632 0.00137 0.00231 ( 1)  0.142
 452 V   0.33507 0.24786 0.41707 ( 3)  0.712
 453 K   0.99991 0.00003 0.00005 ( 1)  0.139
 454 Y   0.99929 0.00026 0.00044 ( 1)  0.140
 455 S   0.04084 0.35754 0.60162 ( 3)  0.965
 456 P   0.76496 0.08762 0.14743 ( 1)  0.341
 457 E   0.99830 0.00063 0.00107 ( 1)  0.141
 458 D   0.99978 0.00008 0.00014 ( 1)  0.139
 459 L   0.64877 0.13093 0.22031 ( 1)  0.441
 460 E   0.99998 0.00001 0.00001 ( 1)  0.139
 461 N   0.99994 0.00002 0.00004 ( 1)  0.139
 462 Q   0.99812 0.00070 0.00118 ( 1)  0.141
 463 I   0.91574 0.03141 0.05285 ( 1)  0.212
 464 L   0.37411 0.23331 0.39258 ( 3)  0.678
 465 D   0.99978 0.00008 0.00014 ( 1)  0.139
 466 F   0.98417 0.00590 0.00993 ( 1)  0.153
 467 F   0.99859 0.00052 0.00088 ( 1)  0.140
 468 E   0.98938 0.00396 0.00666 ( 1)  0.148
 469 G   0.99995 0.00002 0.00003 ( 1)  0.139

Positively selected sites

	Prob(w>1)  mean w



lnL = -11484.190095

Bayes Empirical Bayes (BEB) probabilities for 3 classes (class) & postmean_w
(amino acids refer to 1st sequence: HlaRGH2)

   1 M   1.00000 0.00000 0.00000 ( 1)  0.150 +-  0.002
   2 A   0.78813 0.20710 0.00477 ( 1)  0.332 +-  0.354
   3 R   0.99312 0.00673 0.00015 ( 1)  0.156 +-  0.071
   4 L   0.99929 0.00070 0.00001 ( 1)  0.151 +-  0.023
   5 E   0.99559 0.00438 0.00003 ( 1)  0.154 +-  0.057
   6 D   0.99946 0.00054 0.00000 ( 1)  0.150 +-  0.020
   7 E   0.99999 0.00001 0.00000 ( 1)  0.150 +-  0.003
   8 F   0.99982 0.00018 0.00000 ( 1)  0.150 +-  0.012
   9 S   0.96696 0.03218 0.00086 ( 1)  0.179 +-  0.155
  10 K   0.99182 0.00807 0.00011 ( 1)  0.157 +-  0.077
  11 L   0.99913 0.00085 0.00001 ( 1)  0.151 +-  0.025
  12 L   0.99938 0.00061 0.00001 ( 1)  0.151 +-  0.021
  13 I   0.85764 0.13973 0.00263 ( 1)  0.272 +-  0.301
  14 R   0.83523 0.15887 0.00590 ( 1)  0.293 +-  0.324
  15 G   0.99997 0.00003 0.00000 ( 1)  0.150 +-  0.005
  16 T   0.94846 0.05058 0.00095 ( 1)  0.194 +-  0.191
  17 V   0.55391 0.42720 0.01889 ( 1)  0.539 +-  0.438
  18 S   0.78376 0.20723 0.00900 ( 1)  0.338 +-  0.361
  19 L   0.99950 0.00049 0.00000 ( 1)  0.150 +-  0.019
  20 T   0.45220 0.51979 0.02801 ( 2)  0.630 +-  0.443
  21 P   0.02122 0.87371 0.10507 ( 2)  1.035 +-  0.201
  22 E   0.99993 0.00007 0.00000 ( 1)  0.150 +-  0.007
  23 D   0.99998 0.00002 0.00000 ( 1)  0.150 +-  0.004
  24 L   0.99546 0.00446 0.00008 ( 1)  0.154 +-  0.058
  25 H   0.99891 0.00108 0.00001 ( 1)  0.151 +-  0.028
  26 A   0.99880 0.00119 0.00001 ( 1)  0.151 +-  0.030
  27 L   0.97704 0.02244 0.00052 ( 1)  0.170 +-  0.129
  28 L   0.87670 0.11949 0.00382 ( 1)  0.257 +-  0.286
  29 P   0.75397 0.23460 0.01143 ( 1)  0.365 +-  0.380
  30 Q   0.86624 0.12962 0.00415 ( 1)  0.266 +-  0.296
  31 L   0.99952 0.00047 0.00000 ( 1)  0.150 +-  0.019
  32 S   0.95164 0.04682 0.00154 ( 1)  0.192 +-  0.187
  33 P   0.98887 0.01084 0.00030 ( 1)  0.160 +-  0.091
  34 T   0.99985 0.00015 0.00000 ( 1)  0.150 +-  0.010
  35 V   0.99820 0.00177 0.00004 ( 1)  0.152 +-  0.037
  36 S   0.99236 0.00748 0.00016 ( 1)  0.157 +-  0.075
  37 T   0.00660 0.83141 0.16200 ( 2)  1.075 +-  0.199
  38 F   0.98458 0.01516 0.00026 ( 1)  0.163 +-  0.106
  39 S   0.00233 0.84503 0.15264 ( 2)  1.074 +-  0.185
  40 S   0.63380 0.35382 0.01238 ( 1)  0.467 +-  0.421
  41 S   0.99898 0.00100 0.00001 ( 1)  0.151 +-  0.027
  42 V   0.68056 0.30779 0.01165 ( 1)  0.427 +-  0.408
  43 F   0.98788 0.01179 0.00034 ( 1)  0.160 +-  0.095
  44 D   0.99852 0.00147 0.00001 ( 1)  0.151 +-  0.033
  45 S   0.03263 0.89140 0.07597 ( 2)  1.010 +-  0.206
  46 E   0.99993 0.00007 0.00000 ( 1)  0.150 +-  0.007
  47 I   0.99953 0.00047 0.00000 ( 1)  0.150 +-  0.018
  48 L   0.68480 0.29862 0.01658 ( 1)  0.426 +-  0.412
  49 L   0.97613 0.02333 0.00053 ( 1)  0.171 +-  0.132
  50 I   0.98441 0.01532 0.00027 ( 1)  0.163 +-  0.107
  51 F   0.00108 0.77939 0.21953 ( 2)  1.109 +-  0.210
  52 P   0.99939 0.00061 0.00001 ( 1)  0.151 +-  0.021
  53 Y   0.41790 0.56346 0.01864 ( 2)  0.654 +-  0.432
  54 N   0.99552 0.00441 0.00007 ( 1)  0.154 +-  0.057
  55 I   0.99852 0.00147 0.00001 ( 1)  0.151 +-  0.033
  56 S   0.32622 0.64981 0.02397 ( 2)  0.735 +-  0.414
  57 I   0.00028 0.77523 0.22449 ( 2)  1.112 +-  0.210
  58 L   0.99950 0.00050 0.00000 ( 1)  0.150 +-  0.019
  59 K   0.99053 0.00939 0.00007 ( 1)  0.158 +-  0.083
  60 D   0.99983 0.00017 0.00000 ( 1)  0.150 +-  0.011
  61 I   0.99990 0.00010 0.00000 ( 1)  0.150 +-  0.009
  62 A   0.99802 0.00196 0.00002 ( 1)  0.152 +-  0.038
  63 D   0.99860 0.00139 0.00001 ( 1)  0.151 +-  0.032
  64 V   0.99881 0.00117 0.00001 ( 1)  0.151 +-  0.029
  65 L   0.99944 0.00056 0.00000 ( 1)  0.150 +-  0.020
  66 L   0.99934 0.00065 0.00001 ( 1)  0.151 +-  0.022
  67 H   0.00236 0.77627 0.22138 ( 2)  1.109 +-  0.213
  68 A   0.98893 0.01077 0.00030 ( 1)  0.160 +-  0.091
  69 C   0.99872 0.00127 0.00001 ( 1)  0.151 +-  0.031
  70 H   0.87309 0.11997 0.00694 ( 1)  0.261 +-  0.295
  71 V   0.01393 0.91192 0.07415 ( 2)  1.025 +-  0.167
  72 P   0.15134 0.75877 0.08989 ( 2)  0.916 +-  0.353
  73 K   0.99987 0.00013 0.00000 ( 1)  0.150 +-  0.010
  74 L   0.98787 0.01178 0.00034 ( 1)  0.160 +-  0.095
  75 C   0.04430 0.84730 0.10841 ( 2)  1.017 +-  0.243
  76 Q   0.99983 0.00017 0.00000 ( 1)  0.150 +-  0.011
  77 V   0.99138 0.00850 0.00013 ( 1)  0.157 +-  0.079
  78 Y   0.99947 0.00053 0.00001 ( 1)  0.150 +-  0.020
  79 V   0.01296 0.85830 0.12874 ( 2)  1.053 +-  0.197
  80 K   0.53072 0.45751 0.01176 ( 1)  0.555 +-  0.434
  81 A   0.99721 0.00277 0.00002 ( 1)  0.152 +-  0.045
  82 R   0.99476 0.00515 0.00009 ( 1)  0.155 +-  0.062
  83 R   0.99716 0.00279 0.00005 ( 1)  0.152 +-  0.046
  84 D   0.99130 0.00863 0.00007 ( 1)  0.157 +-  0.079
  85 T   0.97399 0.02567 0.00034 ( 1)  0.172 +-  0.137
  86 F   0.98797 0.01169 0.00034 ( 1)  0.160 +-  0.095
  87 M   0.99586 0.00412 0.00002 ( 1)  0.154 +-  0.055
  88 E   0.99992 0.00008 0.00000 ( 1)  0.150 +-  0.007
  89 C   0.99905 0.00094 0.00001 ( 1)  0.151 +-  0.026
  90 L   0.99946 0.00053 0.00001 ( 1)  0.150 +-  0.020
  91 S   0.14764 0.79673 0.05564 ( 2)  0.902 +-  0.333
  92 V   0.92397 0.07491 0.00112 ( 1)  0.215 +-  0.228
  93 L   0.99711 0.00282 0.00007 ( 1)  0.152 +-  0.046
  94 G   0.99976 0.00024 0.00000 ( 1)  0.150 +-  0.013
  95 V   0.99978 0.00021 0.00000 ( 1)  0.150 +-  0.013
  96 D   0.99998 0.00002 0.00000 ( 1)  0.150 +-  0.004
  97 K   0.99998 0.00002 0.00000 ( 1)  0.150 +-  0.004
  98 M   0.99997 0.00003 0.00000 ( 1)  0.150 +-  0.005
  99 S   0.99884 0.00116 0.00001 ( 1)  0.151 +-  0.029
 100 L   0.99923 0.00076 0.00001 ( 1)  0.151 +-  0.024
 101 E   0.99999 0.00001 0.00000 ( 1)  0.150 +-  0.003
 102 E   0.99999 0.00001 0.00000 ( 1)  0.150 +-  0.003
 103 V   0.99996 0.00004 0.00000 ( 1)  0.150 +-  0.005
 104 Q   0.99983 0.00017 0.00000 ( 1)  0.150 +-  0.011
 105 R   0.81118 0.18146 0.00735 ( 1)  0.314 +-  0.343
 106 V   0.97453 0.02514 0.00033 ( 1)  0.172 +-  0.135
 107 E   0.99645 0.00350 0.00006 ( 1)  0.153 +-  0.051
 108 W   0.99865 0.00132 0.00002 ( 1)  0.151 +-  0.032
 109 G   0.97842 0.02111 0.00046 ( 1)  0.169 +-  0.126
 110 V   0.27124 0.69383 0.03493 ( 2)  0.787 +-  0.399
 111 L   0.99950 0.00049 0.00000 ( 1)  0.150 +-  0.019
 112 D   0.92024 0.07862 0.00114 ( 1)  0.218 +-  0.233
 113 G   0.66450 0.32490 0.01059 ( 1)  0.440 +-  0.412
 114 K   0.99998 0.00002 0.00000 ( 1)  0.150 +-  0.004
 115 M   1.00000 0.00000 0.00000 ( 1)  0.150 +-  0.002
 116 K   0.99899 0.00100 0.00000 ( 1)  0.151 +-  0.027
 117 K   0.99907 0.00092 0.00000 ( 1)  0.151 +-  0.026
 118 W   0.99865 0.00132 0.00002 ( 1)  0.151 +-  0.032
 119 I   0.99923 0.00076 0.00001 ( 1)  0.151 +-  0.024
 120 Q   0.99881 0.00118 0.00001 ( 1)  0.151 +-  0.030
 121 A   0.99991 0.00009 0.00000 ( 1)  0.150 +-  0.008
 122 L   0.99672 0.00323 0.00005 ( 1)  0.153 +-  0.049
 123 K   0.99148 0.00846 0.00007 ( 1)  0.157 +-  0.079
 124 V   0.99990 0.00010 0.00000 ( 1)  0.150 +-  0.008
 125 V   0.99981 0.00019 0.00000 ( 1)  0.150 +-  0.012
 126 V   0.99984 0.00016 0.00000 ( 1)  0.150 +-  0.011
 127 Q   0.98910 0.01073 0.00018 ( 1)  0.159 +-  0.089
 128 G   0.99983 0.00017 0.00000 ( 1)  0.150 +-  0.011
 129 L   0.99724 0.00270 0.00007 ( 1)  0.152 +-  0.045
 130 L   0.98337 0.01607 0.00056 ( 1)  0.164 +-  0.111
 131 A   0.99948 0.00051 0.00000 ( 1)  0.150 +-  0.019
 132 E   0.99999 0.00001 0.00000 ( 1)  0.150 +-  0.003
 133 E   0.99999 0.00001 0.00000 ( 1)  0.150 +-  0.003
 134 R   0.99920 0.00079 0.00001 ( 1)  0.151 +-  0.024
 135 R   0.99476 0.00514 0.00009 ( 1)  0.154 +-  0.062
 136 I   0.99986 0.00014 0.00000 ( 1)  0.150 +-  0.010
 137 C   0.97952 0.01973 0.00074 ( 1)  0.168 +-  0.124
 138 S   0.32540 0.65062 0.02398 ( 2)  0.735 +-  0.414
 139 Q   0.99983 0.00017 0.00000 ( 1)  0.150 +-  0.011
 140 I   0.99955 0.00045 0.00000 ( 1)  0.150 +-  0.018
 141 L   0.57782 0.39259 0.02959 ( 1)  0.524 +-  0.445
 142 A   0.96591 0.03357 0.00053 ( 1)  0.179 +-  0.156
 143 G   0.23947 0.72374 0.03679 ( 2)  0.815 +-  0.385
 144 D   0.99951 0.00049 0.00000 ( 1)  0.150 +-  0.019
 145 A   0.99765 0.00232 0.00003 ( 1)  0.152 +-  0.042
 146 D   0.21296 0.74448 0.04256 ( 2)  0.840 +-  0.373
 147 A   0.82032 0.17284 0.00684 ( 1)  0.306 +-  0.336
 148 E   0.99990 0.00010 0.00000 ( 1)  0.150 +-  0.009
 149 E   0.99962 0.00037 0.00000 ( 1)  0.150 +-  0.017
 150 E   0.99990 0.00010 0.00000 ( 1)  0.150 +-  0.009
 151 C   0.99913 0.00086 0.00001 ( 1)  0.151 +-  0.025
 152 F   0.99924 0.00075 0.00001 ( 1)  0.151 +-  0.024
 153 T   0.98221 0.01718 0.00061 ( 1)  0.165 +-  0.115
 154 E   0.99931 0.00069 0.00000 ( 1)  0.151 +-  0.022
 155 A   0.96489 0.03455 0.00056 ( 1)  0.180 +-  0.158
 156 A   0.99981 0.00019 0.00000 ( 1)  0.150 +-  0.012
 157 K   0.99994 0.00006 0.00000 ( 1)  0.150 +-  0.007
 158 G   0.99992 0.00008 0.00000 ( 1)  0.150 +-  0.008
 159 C   0.97924 0.01999 0.00077 ( 1)  0.168 +-  0.125
 160 V   0.99887 0.00112 0.00001 ( 1)  0.151 +-  0.029
 161 L   0.99909 0.00090 0.00001 ( 1)  0.151 +-  0.026
 162 Q   0.99967 0.00032 0.00000 ( 1)  0.150 +-  0.015
 163 L   0.99935 0.00064 0.00001 ( 1)  0.151 +-  0.022
 164 L   0.99949 0.00050 0.00001 ( 1)  0.150 +-  0.019
 165 N   0.67369 0.31533 0.01098 ( 1)  0.433 +-  0.410
 166 F   0.99901 0.00098 0.00001 ( 1)  0.151 +-  0.027
 167 G   0.65966 0.32040 0.01994 ( 1)  0.449 +-  0.422
 168 D   0.99983 0.00017 0.00000 ( 1)  0.150 +-  0.011
 169 A   0.98340 0.01628 0.00031 ( 1)  0.164 +-  0.110
 170 I   0.99946 0.00054 0.00001 ( 1)  0.150 +-  0.020
 171 A   0.99800 0.00199 0.00001 ( 1)  0.152 +-  0.038
 172 I   0.97237 0.02693 0.00070 ( 1)  0.174 +-  0.142
 173 G   0.98482 0.01502 0.00016 ( 1)  0.163 +-  0.105
 174 K   0.99998 0.00002 0.00000 ( 1)  0.150 +-  0.004
 175 R   0.89165 0.09887 0.00948 ( 1)  0.247 +-  0.282
 176 S   0.99903 0.00096 0.00001 ( 1)  0.151 +-  0.027
 177 S   0.99067 0.00910 0.00023 ( 1)  0.158 +-  0.083
 178 E   0.99999 0.00001 0.00000 ( 1)  0.150 +-  0.003
 179 K   0.99998 0.00002 0.00000 ( 1)  0.150 +-  0.004
 180 L   0.99915 0.00084 0.00001 ( 1)  0.151 +-  0.025
 181 F   0.99981 0.00019 0.00000 ( 1)  0.150 +-  0.012
 182 R   0.98768 0.01198 0.00034 ( 1)  0.161 +-  0.096
 183 I   0.99953 0.00047 0.00000 ( 1)  0.150 +-  0.019
 184 L   0.99754 0.00241 0.00006 ( 1)  0.152 +-  0.043
 185 G   0.00428 0.82700 0.16872 ( 2)  1.081 +-  0.197
 186 M   1.00000 0.00000 0.00000 ( 1)  0.150 +-  0.002
 187 Y   0.99743 0.00251 0.00006 ( 1)  0.152 +-  0.044
 188 E   0.99999 0.00001 0.00000 ( 1)  0.150 +-  0.003
 189 A   0.99971 0.00029 0.00000 ( 1)  0.150 +-  0.015
 190 L   0.98320 0.01575 0.00105 ( 1)  0.165 +-  0.114
 191 A   0.99045 0.00931 0.00024 ( 1)  0.158 +-  0.084
 192 E   0.99999 0.00001 0.00000 ( 1)  0.150 +-  0.003
 193 L   0.81625 0.17613 0.00762 ( 1)  0.310 +-  0.340
 194 L   0.99560 0.00432 0.00008 ( 1)  0.154 +-  0.057
 195 P   0.60990 0.34496 0.04514 ( 1)  0.504 +-  0.454
 196 E   0.99912 0.00088 0.00000 ( 1)  0.151 +-  0.025
 197 L   0.99906 0.00093 0.00001 ( 1)  0.151 +-  0.026
 198 E   0.99930 0.00070 0.00000 ( 1)  0.151 +-  0.023
 199 A   0.50637 0.47006 0.02357 ( 1)  0.581 +-  0.443
 200 L   0.99230 0.00752 0.00017 ( 1)  0.157 +-  0.076
 201 F   0.99982 0.00018 0.00000 ( 1)  0.150 +-  0.012
 202 S   0.97681 0.02149 0.00170 ( 1)  0.171 +-  0.135
 203 G   0.99385 0.00602 0.00013 ( 1)  0.155 +-  0.067
 204 E   0.40886 0.57924 0.01189 ( 2)  0.658 +-  0.426
 205 A   0.98053 0.01875 0.00072 ( 1)  0.167 +-  0.121
 206 R   0.99984 0.00016 0.00000 ( 1)  0.150 +-  0.011
 207 D   0.99862 0.00137 0.00001 ( 1)  0.151 +-  0.032
 208 F   0.85644 0.13885 0.00471 ( 1)  0.274 +-  0.306
 209 I   0.99955 0.00045 0.00000 ( 1)  0.150 +-  0.018
 210 K   0.99996 0.00004 0.00000 ( 1)  0.150 +-  0.006
 211 E   0.94438 0.05368 0.00194 ( 1)  0.198 +-  0.200
 212 E   0.99999 0.00001 0.00000 ( 1)  0.150 +-  0.003
 213 A   0.96559 0.03271 0.00170 ( 1)  0.180 +-  0.161
 214 Q   0.96298 0.03661 0.00041 ( 1)  0.182 +-  0.162
 215 G   0.73046 0.26230 0.00725 ( 1)  0.383 +-  0.385
 216 I   0.97273 0.02662 0.00065 ( 1)  0.174 +-  0.141
 217 L   0.99893 0.00106 0.00002 ( 1)  0.151 +-  0.028
 218 S   0.00009 0.74916 0.25075 ( 2)  1.125 +-  0.218
 219 R   0.00513 0.89192 0.10295 ( 2)  1.047 +-  0.165
 220 L   0.89749 0.09329 0.00922 ( 1)  0.242 +-  0.275
 221 G   0.99994 0.00006 0.00000 ( 1)  0.150 +-  0.006
 222 D   0.99983 0.00017 0.00000 ( 1)  0.150 +-  0.011
 223 A   0.99714 0.00279 0.00007 ( 1)  0.152 +-  0.046
 224 V   0.99996 0.00004 0.00000 ( 1)  0.150 +-  0.005
 225 R   0.99558 0.00428 0.00013 ( 1)  0.154 +-  0.058
 226 G   0.99286 0.00705 0.00008 ( 1)  0.156 +-  0.072
 227 T   0.98312 0.01631 0.00057 ( 1)  0.165 +-  0.112
 228 V   0.68995 0.29239 0.01766 ( 1)  0.422 +-  0.411
 229 A   0.93019 0.06705 0.00276 ( 1)  0.211 +-  0.223
 230 E   0.99944 0.00056 0.00000 ( 1)  0.150 +-  0.020
 231 L   0.99183 0.00799 0.00018 ( 1)  0.157 +-  0.078
 232 I   0.99080 0.00907 0.00013 ( 1)  0.158 +-  0.082
 233 K   0.98588 0.01388 0.00024 ( 1)  0.162 +-  0.102
 234 A   0.89349 0.10480 0.00171 ( 1)  0.241 +-  0.265
 235 I   0.99623 0.00371 0.00006 ( 1)  0.153 +-  0.053
 236 R   0.22399 0.69754 0.07846 ( 2)  0.849 +-  0.398
 237 G   0.99799 0.00199 0.00001 ( 1)  0.152 +-  0.038
 238 D   0.99988 0.00012 0.00000 ( 1)  0.150 +-  0.009
 239 P   0.96163 0.03640 0.00197 ( 1)  0.184 +-  0.170
 240 C   0.99351 0.00636 0.00013 ( 1)  0.156 +-  0.069
 241 K   0.37629 0.55980 0.06391 ( 2)  0.712 +-  0.453
 242 S   0.00005 0.46863 0.53132 ( 3)  1.268 +-  0.258
 243 L   0.91877 0.07834 0.00289 ( 1)  0.220 +-  0.239
 244 P   0.72930 0.24661 0.02409 ( 1)  0.392 +-  0.404
 245 D   0.98355 0.01614 0.00031 ( 1)  0.164 +-  0.110
 246 D   0.99833 0.00165 0.00002 ( 1)  0.151 +-  0.035
 247 G   0.99987 0.00013 0.00000 ( 1)  0.150 +-  0.010
 248 I   0.99992 0.00008 0.00000 ( 1)  0.150 +-  0.007
 249 H   0.99984 0.00016 0.00000 ( 1)  0.150 +-  0.011
 250 P   0.99758 0.00239 0.00003 ( 1)  0.152 +-  0.042
 251 L   0.64424 0.32939 0.02637 ( 1)  0.466 +-  0.432
 252 T   0.99682 0.00313 0.00004 ( 1)  0.153 +-  0.048
 253 R   0.99787 0.00209 0.00004 ( 1)  0.152 +-  0.040
 254 Y   0.99910 0.00089 0.00001 ( 1)  0.151 +-  0.026
 255 V   0.99983 0.00017 0.00000 ( 1)  0.150 +-  0.011
 256 M   1.00000 0.00000 0.00000 ( 1)  0.150 +-  0.002
 257 N   0.99992 0.00008 0.00000 ( 1)  0.150 +-  0.008
 258 Y   0.97850 0.02069 0.00081 ( 1)  0.169 +-  0.127
 259 V   0.99915 0.00084 0.00001 ( 1)  0.151 +-  0.025
 260 V   0.01262 0.67659 0.31079 ( 2)  1.146 +-  0.260
 261 R   0.01816 0.87587 0.10597 ( 2)  1.038 +-  0.196
 262 L   0.10214 0.78047 0.11739 ( 2)  0.972 +-  0.320
 263 T   0.08260 0.78406 0.13334 ( 2)  0.997 +-  0.305
 264 D   0.73648 0.25615 0.00737 ( 1)  0.378 +-  0.383
 265 H   0.99617 0.00377 0.00006 ( 1)  0.153 +-  0.053
 266 S   0.99979 0.00021 0.00000 ( 1)  0.150 +-  0.012
 267 C   0.96233 0.03664 0.00103 ( 1)  0.183 +-  0.165
 268 L   0.97317 0.02614 0.00068 ( 1)  0.173 +-  0.140
 269 N   0.99967 0.00033 0.00000 ( 1)  0.150 +-  0.016
 270 H   0.01393 0.87204 0.11403 ( 2)  1.045 +-  0.191
 271 L   0.99730 0.00264 0.00006 ( 1)  0.152 +-  0.045
 272 L   0.99399 0.00577 0.00024 ( 1)  0.155 +-  0.068
 273 D   0.26813 0.69946 0.03242 ( 2)  0.788 +-  0.396
 274 R   0.64150 0.34520 0.01330 ( 1)  0.461 +-  0.420
 275 C   0.92824 0.06898 0.00278 ( 1)  0.212 +-  0.226
 276 E   0.94079 0.05844 0.00077 ( 1)  0.201 +-  0.203
 277 T   0.88773 0.10654 0.00573 ( 1)  0.248 +-  0.279
 278 Q   0.74885 0.24697 0.00418 ( 1)  0.366 +-  0.374
 279 L   0.66394 0.31841 0.01765 ( 1)  0.444 +-  0.419
 280 E   0.99453 0.00536 0.00010 ( 1)  0.155 +-  0.064
 281 N   0.99966 0.00034 0.00000 ( 1)  0.150 +-  0.016
 282 L   0.00001 0.73847 0.26152 ( 2)  1.131 +-  0.220
 283 D   0.94752 0.05147 0.00101 ( 1)  0.195 +-  0.192
 284 M   0.16741 0.81635 0.01624 ( 2)  0.866 +-  0.327
 285 T   0.99750 0.00244 0.00006 ( 1)  0.152 +-  0.043
 286 P   0.99206 0.00761 0.00033 ( 1)  0.157 +-  0.078
 287 L   0.17073 0.74564 0.08363 ( 2)  0.897 +-  0.366
 288 G   0.14363 0.76003 0.09633 ( 2)  0.926 +-  0.350
 289 H   0.75110 0.24237 0.00653 ( 1)  0.365 +-  0.375
 290 S   0.45349 0.49809 0.04841 ( 2)  0.639 +-  0.457
 291 V   0.00036 0.76609 0.23356 ( 2)  1.117 +-  0.213
 292 M   0.41054 0.55582 0.03364 ( 2)  0.668 +-  0.441
 293 I   0.81351 0.17952 0.00697 ( 1)  0.312 +-  0.341
 294 L   0.99919 0.00080 0.00001 ( 1)  0.151 +-  0.024
 295 I   0.99993 0.00007 0.00000 ( 1)  0.150 +-  0.007
 296 T   0.99094 0.00866 0.00040 ( 1)  0.158 +-  0.083
 297 H   0.96208 0.03687 0.00106 ( 1)  0.183 +-  0.166
 298 L   0.98788 0.01147 0.00065 ( 1)  0.161 +-  0.097
 299 L   0.92318 0.07365 0.00317 ( 1)  0.217 +-  0.234
 300 E   0.62948 0.36244 0.00808 ( 1)  0.469 +-  0.418
 301 N   0.99891 0.00108 0.00001 ( 1)  0.151 +-  0.028
 302 I   0.99948 0.00051 0.00001 ( 1)  0.150 +-  0.019
 303 E   0.99987 0.00013 0.00000 ( 1)  0.150 +-  0.010
 304 D   0.93742 0.06130 0.00128 ( 1)  0.204 +-  0.209
 305 K   0.98502 0.01451 0.00047 ( 1)  0.163 +-  0.106
 306 S   0.08477 0.83899 0.07623 ( 2)  0.966 +-  0.281
 307 K   0.99998 0.00002 0.00000 ( 1)  0.150 +-  0.004
 308 L   0.99495 0.00495 0.00010 ( 1)  0.154 +-  0.061
 309 Y   0.99678 0.00314 0.00008 ( 1)  0.153 +-  0.049
 310 A   0.66091 0.32730 0.01179 ( 1)  0.444 +-  0.414
 311 D   0.99984 0.00016 0.00000 ( 1)  0.150 +-  0.011
 312 E   0.99992 0.00008 0.00000 ( 1)  0.150 +-  0.008
 313 A   0.99637 0.00352 0.00011 ( 1)  0.153 +-  0.052
 314 R   0.99388 0.00599 0.00013 ( 1)  0.155 +-  0.067
 315 Q   0.99983 0.00017 0.00000 ( 1)  0.150 +-  0.011
 316 N   0.99753 0.00245 0.00002 ( 1)  0.152 +-  0.042
 317 I   0.99968 0.00032 0.00000 ( 1)  0.150 +-  0.015
 318 L   0.99184 0.00797 0.00018 ( 1)  0.157 +-  0.078
 319 L   0.99891 0.00107 0.00002 ( 1)  0.151 +-  0.028
 320 M   0.99997 0.00003 0.00000 ( 1)  0.150 +-  0.005
 321 N   0.99968 0.00032 0.00000 ( 1)  0.150 +-  0.015
 322 N   0.99967 0.00033 0.00000 ( 1)  0.150 +-  0.015
 323 L   0.99921 0.00078 0.00001 ( 1)  0.151 +-  0.024
 324 W   0.55768 0.41258 0.02975 ( 1)  0.541 +-  0.447
 325 Y   0.99365 0.00622 0.00013 ( 1)  0.155 +-  0.069
 326 I   0.01246 0.86199 0.12555 ( 2)  1.052 +-  0.194
 327 V   0.99962 0.00037 0.00000 ( 1)  0.150 +-  0.017
 328 Q   0.99880 0.00119 0.00001 ( 1)  0.151 +-  0.030
 329 K   0.99998 0.00002 0.00000 ( 1)  0.150 +-  0.004
 330 V   0.12642 0.78206 0.09152 ( 2)  0.938 +-  0.332
 331 K   0.97599 0.02368 0.00033 ( 1)  0.171 +-  0.131
 332 D   0.90943 0.08820 0.00238 ( 1)  0.228 +-  0.249
 333 S   0.97594 0.02227 0.00179 ( 1)  0.171 +-  0.137
 334 G   0.99968 0.00032 0.00000 ( 1)  0.150 +-  0.015
 335 L   0.99441 0.00538 0.00021 ( 1)  0.155 +-  0.065
 336 K   0.99985 0.00015 0.00000 ( 1)  0.150 +-  0.011
 337 T   0.00058 0.73276 0.26666 ( 2)  1.133 +-  0.223
 338 L   0.31238 0.63863 0.04898 ( 2)  0.759 +-  0.424
 339 L   0.99704 0.00289 0.00007 ( 1)  0.153 +-  0.047
 340 G   0.99996 0.00004 0.00000 ( 1)  0.150 +-  0.006
 341 D   0.99861 0.00137 0.00001 ( 1)  0.151 +-  0.032
 342 K   0.99673 0.00324 0.00003 ( 1)  0.153 +-  0.049
 343 W   0.99865 0.00132 0.00002 ( 1)  0.151 +-  0.032
 344 I   0.99953 0.00047 0.00000 ( 1)  0.150 +-  0.019
 345 R   0.97634 0.02272 0.00094 ( 1)  0.171 +-  0.133
 346 I   0.70565 0.28803 0.00632 ( 1)  0.403 +-  0.394
 347 H   0.02097 0.85481 0.12422 ( 2)  1.044 +-  0.210
 348 R   0.15312 0.75889 0.08799 ( 2)  0.914 +-  0.354
 349 R   0.98917 0.01054 0.00029 ( 1)  0.159 +-  0.090
 350 Q   0.99855 0.00144 0.00001 ( 1)  0.151 +-  0.033
 351 V   0.99621 0.00372 0.00007 ( 1)  0.153 +-  0.053
 352 R   0.99931 0.00069 0.00000 ( 1)  0.151 +-  0.022
 353 T   0.03468 0.88070 0.08463 ( 2)  1.013 +-  0.215
 354 Y   0.99629 0.00365 0.00005 ( 1)  0.153 +-  0.052
 355 S   0.98574 0.01383 0.00043 ( 1)  0.162 +-  0.103
 356 K   0.71730 0.25655 0.02615 ( 1)  0.403 +-  0.411
 357 G   0.99971 0.00029 0.00000 ( 1)  0.150 +-  0.014
 358 Y   0.99948 0.00051 0.00000 ( 1)  0.150 +-  0.019
 359 L   0.99670 0.00325 0.00005 ( 1)  0.153 +-  0.049
 360 R   0.87803 0.10936 0.01261 ( 1)  0.260 +-  0.300
 361 S   0.99856 0.00142 0.00002 ( 1)  0.151 +-  0.033
 362 S   0.98366 0.01534 0.00100 ( 1)  0.164 +-  0.113
 363 W   0.99865 0.00132 0.00002 ( 1)  0.151 +-  0.032
 364 T   0.21715 0.71655 0.06630 ( 2)  0.849 +-  0.388
 365 R   0.97190 0.02775 0.00035 ( 1)  0.174 +-  0.142
 366 V   0.99525 0.00459 0.00016 ( 1)  0.154 +-  0.060
 367 I   0.71444 0.25815 0.02741 ( 1)  0.406 +-  0.413
 368 A   0.68697 0.29571 0.01732 ( 1)  0.425 +-  0.412
 369 C   0.98160 0.01777 0.00063 ( 1)  0.166 +-  0.117
 370 L   0.99532 0.00460 0.00008 ( 1)  0.154 +-  0.059
 371 T   0.99167 0.00822 0.00011 ( 1)  0.157 +-  0.078
 372 D   0.99985 0.00015 0.00000 ( 1)  0.150 +-  0.011
 373 D   0.99982 0.00018 0.00000 ( 1)  0.150 +-  0.011
 374 G   0.99995 0.00005 0.00000 ( 1)  0.150 +-  0.006
 375 L   0.99241 0.00742 0.00017 ( 1)  0.157 +-  0.075
 376 P   0.18908 0.68162 0.12930 ( 2)  0.904 +-  0.400
 377 E   0.00034 0.78897 0.21069 ( 2)  1.105 +-  0.205
 378 T   0.00087 0.65841 0.34072 ( 2)  1.170 +-  0.241
 379 T   0.10147 0.78575 0.11278 ( 2)  0.970 +-  0.317
 380 G   0.92898 0.06820 0.00283 ( 1)  0.212 +-  0.225
 381 L   0.89009 0.09973 0.01018 ( 1)  0.249 +-  0.284
 382 S   0.99837 0.00160 0.00003 ( 1)  0.151 +-  0.035
 383 S   0.99883 0.00115 0.00002 ( 1)  0.151 +-  0.029
 384 S   0.75236 0.22691 0.02073 ( 1)  0.371 +-  0.391
 385 L   0.99952 0.00048 0.00000 ( 1)  0.150 +-  0.019
 386 K   0.99895 0.00104 0.00000 ( 1)  0.151 +-  0.028
 387 A   0.00500 0.81154 0.18346 ( 2)  1.088 +-  0.205
 388 A   0.97547 0.02351 0.00102 ( 1)  0.171 +-  0.136
 389 M   0.82565 0.16758 0.00677 ( 1)  0.302 +-  0.332
 390 K   0.99997 0.00003 0.00000 ( 1)  0.150 +-  0.004
 391 E   0.99901 0.00098 0.00001 ( 1)  0.151 +-  0.027
 392 R   0.99991 0.00009 0.00000 ( 1)  0.150 +-  0.008
 393 F   0.99982 0.00018 0.00000 ( 1)  0.150 +-  0.012
 394 N   0.97802 0.02174 0.00025 ( 1)  0.169 +-  0.126
 395 S   0.65862 0.33038 0.01100 ( 1)  0.446 +-  0.414
 396 F   0.99980 0.00020 0.00000 ( 1)  0.150 +-  0.012
 397 N   0.99995 0.00005 0.00000 ( 1)  0.150 +-  0.006
 398 L   0.88253 0.10900 0.00848 ( 1)  0.254 +-  0.289
 399 A   0.01124 0.85682 0.13195 ( 2)  1.056 +-  0.195
 400 Y   0.82329 0.17005 0.00666 ( 1)  0.304 +-  0.334
 401 E   0.99999 0.00001 0.00000 ( 1)  0.150 +-  0.003
 402 E   0.99998 0.00002 0.00000 ( 1)  0.150 +-  0.004
 403 L   0.98549 0.01367 0.00084 ( 1)  0.163 +-  0.106
 404 Y   0.99944 0.00055 0.00001 ( 1)  0.150 +-  0.020
 405 R   0.99944 0.00056 0.00000 ( 1)  0.150 +-  0.020
 406 T   0.99046 0.00911 0.00043 ( 1)  0.158 +-  0.085
 407 Q   0.99980 0.00020 0.00000 ( 1)  0.150 +-  0.012
 408 T   0.99105 0.00855 0.00039 ( 1)  0.158 +-  0.083
 409 A   0.80054 0.18495 0.01451 ( 1)  0.327 +-  0.359
 410 W   0.99865 0.00132 0.00002 ( 1)  0.151 +-  0.032
 411 K   0.00120 0.88492 0.11389 ( 2)  1.056 +-  0.162
 412 V   0.99860 0.00138 0.00002 ( 1)  0.151 +-  0.032
 413 V   0.99973 0.00027 0.00000 ( 1)  0.150 +-  0.014
 414 D   0.99983 0.00017 0.00000 ( 1)  0.150 +-  0.011
 415 P   0.99666 0.00326 0.00009 ( 1)  0.153 +-  0.050
 416 Q   0.99981 0.00019 0.00000 ( 1)  0.150 +-  0.012
 417 L   0.97393 0.02383 0.00224 ( 1)  0.173 +-  0.144
 418 R   0.99374 0.00604 0.00023 ( 1)  0.155 +-  0.069
 419 E   0.99991 0.00009 0.00000 ( 1)  0.150 +-  0.008
 420 E   0.99993 0.00007 0.00000 ( 1)  0.150 +-  0.007
 421 L   0.99356 0.00630 0.00014 ( 1)  0.156 +-  0.069
 422 K   0.99674 0.00323 0.00003 ( 1)  0.153 +-  0.049
 423 I   0.99623 0.00371 0.00006 ( 1)  0.153 +-  0.053
 424 S   0.03618 0.84295 0.12087 ( 2)  1.030 +-  0.236
 425 I   0.99993 0.00007 0.00000 ( 1)  0.150 +-  0.007
 426 L   0.00198 0.61470 0.38332 ( 2)  1.191 +-  0.252
 427 E   0.99992 0.00008 0.00000 ( 1)  0.150 +-  0.008
 428 N   0.90187 0.09664 0.00149 ( 1)  0.234 +-  0.256
 429 V   0.99852 0.00146 0.00002 ( 1)  0.151 +-  0.033
 430 L   0.87215 0.12072 0.00713 ( 1)  0.262 +-  0.296
 431 P   0.91799 0.07560 0.00641 ( 1)  0.223 +-  0.247
 432 A   0.95887 0.03890 0.00223 ( 1)  0.186 +-  0.176
 433 Y   0.99944 0.00055 0.00001 ( 1)  0.150 +-  0.020
 434 R   0.99660 0.00331 0.00009 ( 1)  0.153 +-  0.050
 435 S   0.98847 0.01122 0.00031 ( 1)  0.160 +-  0.093
 436 F   0.99909 0.00090 0.00001 ( 1)  0.151 +-  0.026
 437 V   0.99253 0.00729 0.00017 ( 1)  0.156 +-  0.074
 438 L   0.05880 0.78117 0.16003 ( 2)  1.030 +-  0.286
 439 K   0.99566 0.00430 0.00004 ( 1)  0.154 +-  0.056
 440 Y   0.90919 0.08852 0.00229 ( 1)  0.228 +-  0.249
 441 G   0.01682 0.70471 0.27847 ( 2)  1.125 +-  0.259
 442 Y   0.54623 0.43766 0.01611 ( 1)  0.544 +-  0.436
 443 Q   0.99193 0.00797 0.00010 ( 1)  0.157 +-  0.077
 444 L   0.98718 0.01213 0.00070 ( 1)  0.161 +-  0.100
 445 V   0.05867 0.77654 0.16479 ( 2)  1.033 +-  0.288
 446 T   0.99471 0.00524 0.00005 ( 1)  0.155 +-  0.062
 447 N   0.00316 0.86317 0.13367 ( 2)  1.064 +-  0.178
 448 F   0.00082 0.76287 0.23631 ( 2)  1.118 +-  0.215
 449 S   0.33781 0.58620 0.07599 ( 2)  0.751 +-  0.448
 450 N   0.72428 0.27126 0.00446 ( 1)  0.387 +-  0.385
 451 Y   0.99707 0.00286 0.00007 ( 1)  0.153 +-  0.047
 452 V   0.43816 0.52717 0.03467 ( 2)  0.645 +-  0.446
 453 K   0.99993 0.00007 0.00000 ( 1)  0.150 +-  0.007
 454 Y   0.99944 0.00056 0.00001 ( 1)  0.150 +-  0.020
 455 S   0.07308 0.87955 0.04737 ( 2)  0.962 +-  0.251
 456 P   0.82092 0.16701 0.01207 ( 1)  0.308 +-  0.343
 457 E   0.99878 0.00121 0.00001 ( 1)  0.151 +-  0.030
 458 D   0.99982 0.00018 0.00000 ( 1)  0.150 +-  0.011
 459 L   0.75108 0.24216 0.00677 ( 1)  0.365 +-  0.376
 460 E   0.99999 0.00001 0.00000 ( 1)  0.150 +-  0.003
 461 N   0.99995 0.00005 0.00000 ( 1)  0.150 +-  0.006
 462 Q   0.99858 0.00140 0.00001 ( 1)  0.151 +-  0.032
 463 I   0.94303 0.05569 0.00127 ( 1)  0.199 +-  0.200
 464 L   0.43645 0.47307 0.09048 ( 2)  0.674 +-  0.482
 465 D   0.99982 0.00018 0.00000 ( 1)  0.150 +-  0.011
 466 F   0.98889 0.01095 0.00016 ( 1)  0.160 +-  0.090
 467 F   0.99888 0.00110 0.00002 ( 1)  0.151 +-  0.029
 468 E   0.99208 0.00775 0.00018 ( 1)  0.157 +-  0.077
 469 G   0.99996 0.00004 0.00000 ( 1)  0.150 +-  0.006

Positively selected sites

	Prob(w>1)  mean w

   242 S      0.531         1.268 +- 0.258

