Supplemental results for CODEML (seqf: Exo70F1_grasses_reduced.phy  treef: RAxML_bipartitions.Exo70F1_grasses_reduced)


dN/dS (w) for site classes (K=10)

p:   0.10000  0.10000  0.10000  0.10000  0.10000  0.10000  0.10000  0.10000  0.10000  0.10000
w:   0.00210  0.01421  0.03505  0.06442  0.10306  0.15260  0.21608  0.29939  0.41612  0.61591

Naive Empirical Bayes (NEB) probabilities for 10 classes & postmean_w
(amino acids refer to 1st sequence: AvsRGH2)

   1 V   0.00000 0.00028 0.00349 0.01682 0.04951 0.10561 0.17612 0.23542 0.24579 0.16696 ( 9)  0.336
   2 A   0.25861 0.22811 0.18390 0.13590 0.09150 0.05531 0.02920 0.01276 0.00408 0.00061 ( 1)  0.049
   3 M   0.30273 0.25467 0.18924 0.12468 0.07218 0.03596 0.01482 0.00469 0.00096 0.00007 ( 1)  0.037
   4 Y   0.00000 0.00001 0.00044 0.00390 0.01814 0.05622 0.12890 0.22780 0.30529 0.25929 ( 9)  0.394
   5 R   0.21370 0.19671 0.17060 0.13963 0.10735 0.07673 0.05000 0.02859 0.01315 0.00354 ( 1)  0.068
   6 L   0.22050 0.20174 0.17317 0.13969 0.10539 0.07355 0.04649 0.02557 0.01115 0.00275 ( 1)  0.065
   7 E   0.29080 0.24785 0.18840 0.12823 0.07755 0.04092 0.01820 0.00639 0.00152 0.00014 ( 1)  0.040
   8 E   0.01481 0.08584 0.16212 0.20481 0.20063 0.15915 0.10211 0.05078 0.01727 0.00249 ( 4)  0.111
   9 E   0.29422 0.24981 0.18865 0.12721 0.07601 0.03950 0.01723 0.00590 0.00135 0.00012 ( 1)  0.039
  10 F   0.24156 0.21682 0.18006 0.13864 0.09837 0.06344 0.03624 0.01744 0.00631 0.00113 ( 1)  0.055
  11 G   0.00663 0.04134 0.08840 0.13288 0.16326 0.17250 0.15877 0.12532 0.07960 0.03129 ( 6)  0.180
  12 K   0.00013 0.00549 0.02767 0.07177 0.12981 0.18266 0.20799 0.19088 0.13225 0.05134 ( 7)  0.236
  13 L   0.21405 0.19692 0.17064 0.13952 0.10716 0.07653 0.04985 0.02854 0.01318 0.00360 ( 1)  0.068
  14 L   0.22140 0.20239 0.17346 0.13964 0.10508 0.07311 0.04605 0.02523 0.01095 0.00269 ( 1)  0.064
  15 T   0.00000 0.00002 0.00061 0.00522 0.02331 0.06879 0.14850 0.24349 0.29560 0.21446 ( 9)  0.373
  16 R   0.00000 0.00014 0.00190 0.00973 0.03097 0.07293 0.13755 0.21475 0.27530 0.25672 ( 9)  0.382
  17 G   0.27302 0.23734 0.18660 0.13308 0.08547 0.04861 0.02371 0.00932 0.00257 0.00030 ( 1)  0.044
  18 S   0.00000 0.00001 0.00032 0.00289 0.01384 0.04467 0.10811 0.20581 0.30754 0.31680 (10)  0.417
  19 V   0.00000 0.00000 0.00003 0.00046 0.00350 0.01664 0.05675 0.14889 0.30744 0.46630 (10)  0.475
  20 S   0.00000 0.00016 0.00203 0.01036 0.03277 0.07650 0.14258 0.21891 0.27360 0.24310 ( 9)  0.376
  21 L   0.22503 0.20506 0.17478 0.13962 0.10399 0.07139 0.04420 0.02366 0.00994 0.00231 ( 1)  0.062
  22 S   0.00000 0.00001 0.00027 0.00248 0.01214 0.04009 0.09986 0.19700 0.30820 0.33996 (10)  0.426
  23 P   0.00000 0.00000 0.00000 0.00007 0.00080 0.00561 0.02687 0.09659 0.27292 0.59714 (10)  0.517
  24 E   0.01581 0.09096 0.16951 0.21022 0.20107 0.15482 0.09572 0.04544 0.01454 0.00191 ( 4)  0.107
  25 D   0.28013 0.24165 0.18749 0.13127 0.08233 0.04544 0.02136 0.00802 0.00208 0.00022 ( 1)  0.042
  26 L   0.00707 0.04384 0.09298 0.13819 0.16732 0.17360 0.15622 0.11992 0.07347 0.02738 ( 6)  0.174
  27 H   0.00014 0.00577 0.02896 0.07457 0.13362 0.18584 0.20857 0.18794 0.12709 0.04751 ( 7)  0.232
  28 A   0.00949 0.05752 0.11722 0.16475 0.18541 0.17527 0.14016 0.09232 0.04583 0.01204 ( 5)  0.146
  29 S   0.00608 0.03810 0.08231 0.12552 0.15712 0.17002 0.16131 0.13245 0.08884 0.03825 ( 6)  0.189
  30 L   0.22622 0.20592 0.17520 0.13959 0.10362 0.07083 0.04361 0.02318 0.00964 0.00220 ( 1)  0.062
  31 L   0.00000 0.00021 0.00267 0.01329 0.04063 0.09083 0.16035 0.22975 0.26169 0.20058 ( 9)  0.355
  32 P   0.00007 0.00312 0.01652 0.04588 0.09077 0.14320 0.18866 0.20932 0.18863 0.11382 ( 8)  0.287
  33 Q   0.00010 0.00407 0.02109 0.05675 0.10777 0.16145 0.19930 0.20344 0.16374 0.08229 ( 8)  0.263
  34 L   0.22615 0.20587 0.17517 0.13959 0.10364 0.07086 0.04364 0.02321 0.00966 0.00221 ( 1)  0.062
  35 S   0.21507 0.19775 0.17118 0.13972 0.10703 0.07612 0.04926 0.02790 0.01265 0.00331 ( 1)  0.067
  36 P   0.00630 0.03943 0.08482 0.12857 0.15970 0.17110 0.16031 0.12952 0.08497 0.03528 ( 6)  0.185
  37 T   0.24908 0.22192 0.18199 0.13767 0.09547 0.05981 0.03295 0.01514 0.00514 0.00083 ( 1)  0.052
  38 V   0.19717 0.18401 0.16342 0.13831 0.11113 0.08405 0.05887 0.03702 0.01944 0.00657 ( 1)  0.078
  39 S   0.00672 0.04186 0.08936 0.13401 0.16414 0.17276 0.15825 0.12419 0.07829 0.03043 ( 6)  0.178
  40 T   0.00000 0.00000 0.00000 0.00002 0.00032 0.00250 0.01381 0.05956 0.21577 0.70802 (10)  0.547
  41 F   0.00011 0.00448 0.02305 0.06141 0.11501 0.16913 0.20361 0.20066 0.15311 0.06943 ( 7)  0.253
  42 S   0.00000 0.00000 0.00000 0.00001 0.00012 0.00132 0.00929 0.04873 0.20482 0.73572 (10)  0.555
  43 E   0.00000 0.00000 0.00014 0.00207 0.01335 0.05129 0.13360 0.24817 0.32125 0.23012 ( 9)  0.388
  44 G   0.20317 0.18860 0.16598 0.13873 0.10972 0.08139 0.05569 0.03402 0.01722 0.00550 ( 1)  0.074
  45 D   0.00000 0.00065 0.00762 0.03371 0.08850 0.16314 0.22577 0.23660 0.17619 0.06780 ( 8)  0.271
  46 E   0.00000 0.00005 0.00139 0.01085 0.04344 0.11164 0.20302 0.26836 0.24549 0.11577 ( 8)  0.320
  47 S   0.00000 0.00007 0.00091 0.00500 0.01727 0.04507 0.09663 0.17753 0.28307 0.37445 (10)  0.431
  48 V   0.00000 0.00000 0.00000 0.00000 0.00009 0.00098 0.00725 0.04044 0.18505 0.76619 (10)  0.563
  49 W   0.00000 0.00001 0.00022 0.00201 0.01004 0.03414 0.08825 0.18272 0.30562 0.37699 (10)  0.440
  50 S   0.00000 0.00000 0.00003 0.00046 0.00351 0.01675 0.05730 0.15057 0.30997 0.46142 (10)  0.474
  51 S   0.21322 0.19638 0.17047 0.13968 0.10754 0.07698 0.05022 0.02875 0.01322 0.00354 ( 1)  0.068
  52 V   0.00000 0.00001 0.00041 0.00364 0.01691 0.05256 0.12145 0.21847 0.30382 0.28273 ( 9)  0.402
  53 F   0.00594 0.03731 0.08082 0.12372 0.15564 0.16944 0.16195 0.13420 0.09108 0.03990 ( 6)  0.191
  54 D   0.01266 0.07465 0.14517 0.19106 0.19740 0.16749 0.11691 0.06471 0.02539 0.00457 ( 5)  0.122
  55 S   0.00000 0.00000 0.00005 0.00077 0.00560 0.02495 0.07829 0.18409 0.32598 0.38027 (10)  0.446
  56 E   0.29422 0.24981 0.18865 0.12721 0.07601 0.03950 0.01723 0.00590 0.00135 0.00012 ( 1)  0.039
  57 I   0.25954 0.22883 0.18430 0.13595 0.09123 0.05483 0.02866 0.01231 0.00382 0.00053 ( 1)  0.049
  58 L   0.00000 0.00015 0.00194 0.00995 0.03165 0.07441 0.13987 0.21708 0.27515 0.24981 ( 9)  0.379
  59 R   0.00009 0.00375 0.01955 0.05319 0.10241 0.15606 0.19673 0.20610 0.17154 0.09058 ( 8)  0.270
  60 I   0.00011 0.00464 0.02378 0.06303 0.11730 0.17116 0.20414 0.19900 0.14990 0.06693 ( 7)  0.250
  61 S   0.00000 0.00000 0.00000 0.00002 0.00033 0.00257 0.01415 0.06072 0.21813 0.70407 (10)  0.546
  62 P   0.22887 0.20786 0.17615 0.13955 0.10280 0.06957 0.04227 0.02206 0.00894 0.00194 ( 1)  0.060
  63 H   0.00000 0.00044 0.00539 0.02491 0.06922 0.13701 0.20722 0.24299 0.21024 0.10258 ( 8)  0.298
  64 T   0.22461 0.20478 0.17470 0.13970 0.10418 0.07161 0.04438 0.02377 0.00997 0.00229 ( 1)  0.062
  65 I   0.00975 0.05896 0.11961 0.16704 0.18649 0.17463 0.13813 0.08988 0.04404 0.01146 ( 5)  0.144
  66 S   0.00000 0.00001 0.00033 0.00301 0.01440 0.04635 0.11161 0.21052 0.30899 0.30478 ( 9)  0.412
  67 I   0.00000 0.00000 0.00000 0.00001 0.00014 0.00151 0.01045 0.05325 0.21493 0.71972 (10)  0.551
  68 L   0.22488 0.20495 0.17473 0.13962 0.10404 0.07146 0.04428 0.02373 0.00998 0.00232 ( 1)  0.062
  69 K   0.00000 0.00060 0.00707 0.03163 0.08422 0.15791 0.22301 0.23935 0.18331 0.07289 ( 8)  0.276
  70 D   0.01354 0.07929 0.15235 0.19715 0.19923 0.16432 0.11065 0.05846 0.02152 0.00349 ( 5)  0.117
  71 I   0.25552 0.22618 0.18342 0.13662 0.09286 0.05674 0.03030 0.01339 0.00432 0.00065 ( 1)  0.050
  72 A   0.24378 0.21827 0.18052 0.13824 0.09745 0.06238 0.03535 0.01688 0.00606 0.00108 ( 1)  0.054
  73 D   0.00023 0.00897 0.04287 0.10312 0.16916 0.21049 0.20555 0.15524 0.08295 0.02143 ( 6)  0.196
  74 V   0.24757 0.22077 0.18135 0.13760 0.09589 0.06056 0.03379 0.01587 0.00561 0.00100 ( 1)  0.053
  75 L   0.00032 0.01235 0.05674 0.12916 0.19704 0.22334 0.19347 0.12477 0.05339 0.00942 ( 6)  0.172
  76 L   0.22055 0.20175 0.17312 0.13961 0.10531 0.07350 0.04650 0.02562 0.01122 0.00281 ( 1)  0.065
  77 R   0.00000 0.00008 0.00109 0.00591 0.02013 0.05150 0.10744 0.18980 0.28530 0.33874 (10)  0.418
  78 V   0.00567 0.03570 0.07770 0.11974 0.15200 0.16745 0.16260 0.13770 0.09652 0.04491 ( 6)  0.196
  79 G   0.24625 0.21998 0.18122 0.13799 0.09653 0.06118 0.03422 0.01605 0.00562 0.00096 ( 1)  0.053
  80 H   0.00508 0.03220 0.07093 0.11116 0.14421 0.16331 0.16417 0.14533 0.10816 0.05544 ( 7)  0.208
  81 S   0.00000 0.00000 0.00000 0.00011 0.00124 0.00819 0.03659 0.12019 0.29997 0.53372 (10)  0.499
  82 S   0.00000 0.00001 0.00018 0.00170 0.00863 0.02994 0.07946 0.17057 0.30082 0.40870 (10)  0.451
  83 K   0.01543 0.08903 0.16678 0.20832 0.20106 0.15654 0.09808 0.04729 0.01541 0.00206 ( 4)  0.108
  84 L   0.00567 0.03568 0.07768 0.11973 0.15202 0.16752 0.16269 0.13775 0.09648 0.04477 ( 6)  0.196
  85 C   0.00000 0.00000 0.00001 0.00024 0.00190 0.00979 0.03707 0.11142 0.27655 0.56303 (10)  0.505
  86 Q   0.24294 0.21773 0.18037 0.13841 0.09781 0.06278 0.03567 0.01707 0.00614 0.00110 ( 1)  0.055
  87 V   0.00013 0.00544 0.02741 0.07100 0.12832 0.18065 0.20632 0.19086 0.13474 0.05513 ( 7)  0.238
  88 Y   0.22436 0.20460 0.17461 0.13971 0.10427 0.07173 0.04451 0.02387 0.01003 0.00231 ( 1)  0.063
  89 V   0.00000 0.00000 0.00000 0.00005 0.00062 0.00452 0.02253 0.08532 0.25826 0.62870 (10)  0.526
  90 K   0.00000 0.00070 0.00825 0.03614 0.09366 0.16982 0.23003 0.23425 0.16739 0.05976 ( 8)  0.264
  91 A   0.00020 0.00808 0.03905 0.09542 0.15988 0.20451 0.20708 0.16420 0.09410 0.02749 ( 7)  0.205
  92 H   0.00678 0.04221 0.09003 0.13486 0.16490 0.17315 0.15807 0.12340 0.07714 0.02946 ( 6)  0.177
  93 R   0.00806 0.04946 0.10305 0.14943 0.17527 0.17479 0.14984 0.10829 0.06140 0.02043 ( 5)  0.162
  94 D   0.01333 0.07822 0.15073 0.19584 0.19893 0.16514 0.11208 0.05979 0.02228 0.00367 ( 5)  0.118
  95 T   0.00016 0.00636 0.03159 0.08020 0.14109 0.19174 0.20911 0.18177 0.11724 0.04074 ( 7)  0.224
  96 L   0.20376 0.18917 0.16648 0.13909 0.10985 0.08125 0.05528 0.03343 0.01661 0.00508 ( 1)  0.074
  97 M   0.00027 0.01048 0.04920 0.11544 0.18317 0.21821 0.20125 0.14067 0.06716 0.01415 ( 6)  0.184
  98 G   0.01543 0.08902 0.16677 0.20831 0.20107 0.15655 0.09809 0.04730 0.01541 0.00206 ( 4)  0.108
  99 C   0.21286 0.19612 0.17036 0.13971 0.10768 0.07717 0.05040 0.02888 0.01328 0.00355 ( 1)  0.068
 100 L   0.22377 0.20415 0.17435 0.13966 0.10440 0.07200 0.04483 0.02417 0.01025 0.00242 ( 1)  0.063
 101 A   0.00000 0.00001 0.00033 0.00297 0.01421 0.04565 0.10986 0.20764 0.30726 0.31206 (10)  0.415
 102 V   0.00000 0.00056 0.00673 0.03025 0.08104 0.15330 0.21923 0.23970 0.18916 0.08002 ( 8)  0.281
 103 L   0.18961 0.17808 0.15987 0.13735 0.11254 0.08722 0.06300 0.04118 0.02279 0.00836 ( 1)  0.083
 104 E   0.01262 0.07450 0.14503 0.19110 0.19766 0.16780 0.11708 0.06463 0.02516 0.00442 ( 5)  0.122
 105 V   0.24447 0.21868 0.18059 0.13802 0.09709 0.06204 0.03512 0.01679 0.00607 0.00112 ( 1)  0.054
 106 D   0.28013 0.24165 0.18749 0.13127 0.08233 0.04544 0.02136 0.00802 0.00208 0.00022 ( 1)  0.042
 107 K   0.27970 0.24141 0.18748 0.13143 0.08254 0.04562 0.02147 0.00806 0.00208 0.00022 ( 1)  0.043
 108 K   0.01659 0.09498 0.17544 0.21477 0.20175 0.15156 0.09055 0.04090 0.01210 0.00135 ( 4)  0.103
 109 S   0.00922 0.05605 0.11482 0.16247 0.18437 0.17599 0.14226 0.09477 0.04753 0.01252 ( 5)  0.148
 110 L   0.21655 0.19880 0.17164 0.13961 0.10650 0.07538 0.04854 0.02736 0.01236 0.00325 ( 1)  0.067
 111 E   0.29145 0.24822 0.18844 0.12803 0.07726 0.04065 0.01802 0.00630 0.00149 0.00014 ( 1)  0.040
 112 E   0.29422 0.24981 0.18865 0.12721 0.07601 0.03950 0.01723 0.00590 0.00135 0.00012 ( 1)  0.039
 113 V   0.27434 0.23800 0.18652 0.13252 0.08480 0.04810 0.02347 0.00929 0.00262 0.00032 ( 1)  0.044
 114 Q   0.24294 0.21773 0.18037 0.13841 0.09781 0.06278 0.03567 0.01707 0.00614 0.00110 ( 1)  0.055
 115 G   0.00000 0.00016 0.00208 0.01059 0.03343 0.07784 0.14450 0.22052 0.27295 0.23794 ( 9)  0.373
 116 I   0.00000 0.00056 0.00672 0.03018 0.08088 0.15306 0.21903 0.23972 0.18947 0.08038 ( 8)  0.281
 117 E   0.00795 0.04886 0.10201 0.14834 0.17461 0.17489 0.15067 0.10949 0.06240 0.02078 ( 6)  0.163
 118 W   0.20602 0.19094 0.16753 0.13935 0.10941 0.08028 0.05405 0.03220 0.01564 0.00458 ( 1)  0.072
 119 D   0.00011 0.00465 0.02378 0.06298 0.11712 0.17083 0.20375 0.19882 0.15023 0.06773 ( 7)  0.251
 120 I   0.00000 0.00000 0.00004 0.00062 0.00458 0.02091 0.06775 0.16669 0.31649 0.42292 (10)  0.460
 121 L   0.22412 0.20440 0.17447 0.13964 0.10428 0.07183 0.04466 0.02404 0.01018 0.00239 ( 1)  0.063
 122 N   0.00017 0.00680 0.03357 0.08455 0.14711 0.19686 0.21011 0.17709 0.10899 0.03477 ( 7)  0.217
 123 N   0.00000 0.00001 0.00041 0.00361 0.01690 0.05286 0.12286 0.22158 0.30643 0.27534 ( 9)  0.400
 124 K   0.27970 0.24141 0.18748 0.13143 0.08254 0.04562 0.02147 0.00806 0.00208 0.00022 ( 1)  0.043
 125 M   0.30273 0.25467 0.18924 0.12468 0.07218 0.03596 0.01482 0.00469 0.00096 0.00007 ( 1)  0.037
 126 K   0.00024 0.00953 0.04526 0.10788 0.17481 0.21399 0.20442 0.14968 0.07626 0.01793 ( 6)  0.191
 127 K   0.00023 0.00927 0.04413 0.10567 0.17225 0.21250 0.20509 0.15229 0.07921 0.01936 ( 6)  0.193
 128 W   0.20602 0.19094 0.16753 0.13935 0.10941 0.08028 0.05405 0.03220 0.01564 0.00458 ( 1)  0.072
 129 I   0.01023 0.06161 0.12415 0.17174 0.18928 0.17423 0.13470 0.08493 0.03969 0.00945 ( 5)  0.139
 130 Q   0.00926 0.05626 0.11512 0.16267 0.18432 0.17568 0.14187 0.09453 0.04757 0.01271 ( 5)  0.148
 131 A   0.25427 0.22530 0.18304 0.13672 0.09331 0.05735 0.03090 0.01384 0.00457 0.00072 ( 1)  0.050
 132 L   0.00767 0.04730 0.09931 0.14551 0.17289 0.17507 0.15272 0.11251 0.06506 0.02195 ( 6)  0.165
 133 K   0.00000 0.00065 0.00770 0.03405 0.08931 0.16437 0.22688 0.23665 0.17465 0.06572 ( 8)  0.270
 134 V   0.25741 0.22725 0.18352 0.13598 0.09192 0.05590 0.02978 0.01321 0.00434 0.00069 ( 1)  0.050
 135 V   0.24485 0.21893 0.18068 0.13797 0.09695 0.06186 0.03496 0.01668 0.00602 0.00110 ( 1)  0.054
 136 V   0.00968 0.05853 0.11885 0.16619 0.18590 0.17455 0.13863 0.09077 0.04495 0.01196 ( 5)  0.145
 137 H   0.00011 0.00471 0.02407 0.06360 0.11794 0.17144 0.20373 0.19803 0.14912 0.06725 ( 7)  0.250
 138 G   0.24560 0.21954 0.18105 0.13807 0.09678 0.06149 0.03450 0.01625 0.00573 0.00099 ( 1)  0.054
 139 L   0.19068 0.17893 0.16040 0.13752 0.11237 0.08679 0.06241 0.04057 0.02227 0.00806 ( 1)  0.082
 140 L   0.00502 0.03187 0.07026 0.11025 0.14330 0.16270 0.16412 0.14600 0.10950 0.05698 ( 7)  0.209
 141 A   0.22481 0.20492 0.17475 0.13968 0.10411 0.07151 0.04429 0.02370 0.00994 0.00229 ( 1)  0.062
 142 E   0.29422 0.24981 0.18865 0.12721 0.07601 0.03950 0.01723 0.00590 0.00135 0.00012 ( 1)  0.039
 143 E   0.29422 0.24981 0.18865 0.12721 0.07601 0.03950 0.01723 0.00590 0.00135 0.00012 ( 1)  0.039
 144 R   0.21463 0.19744 0.17103 0.13973 0.10717 0.07633 0.04948 0.02809 0.01276 0.00335 ( 1)  0.067
 145 R   0.00657 0.04101 0.08781 0.13222 0.16278 0.17241 0.15914 0.12602 0.08034 0.03170 ( 6)  0.180
 146 I   0.24835 0.22136 0.18167 0.13762 0.09567 0.06018 0.03337 0.01550 0.00537 0.00091 ( 1)  0.053
 147 C   0.00497 0.03156 0.06968 0.10956 0.14274 0.16251 0.16444 0.14675 0.11036 0.05743 ( 7)  0.210
 148 S   0.00000 0.00001 0.00040 0.00351 0.01648 0.05186 0.12134 0.22050 0.30745 0.27847 ( 9)  0.402
 149 Q   0.24294 0.21773 0.18037 0.13841 0.09781 0.06278 0.03567 0.01707 0.00614 0.00110 ( 1)  0.055
 150 I   0.01116 0.06666 0.13254 0.17989 0.19337 0.17235 0.12784 0.07631 0.03301 0.00687 ( 5)  0.132
 151 F   0.00006 0.00244 0.01314 0.03743 0.07659 0.12615 0.17563 0.20950 0.20897 0.15008 ( 8)  0.310
 152 A   0.00000 0.00038 0.00467 0.02195 0.06229 0.12669 0.19835 0.24316 0.22326 0.11924 ( 8)  0.309
 153 A   0.00000 0.00032 0.00404 0.01928 0.05585 0.11659 0.18861 0.24129 0.23506 0.13895 ( 8)  0.321
 154 D   0.01175 0.06983 0.13762 0.18451 0.19521 0.17060 0.12348 0.07149 0.02971 0.00581 ( 5)  0.128
 155 A   0.00828 0.05077 0.10548 0.15228 0.17750 0.17549 0.14858 0.10543 0.05803 0.01815 ( 5)  0.158
 156 H   0.00000 0.00000 0.00000 0.00008 0.00093 0.00638 0.02981 0.10379 0.28133 0.57768 (10)  0.511
 157 S   0.00008 0.00341 0.01793 0.04933 0.09638 0.14961 0.19302 0.20830 0.18042 0.10153 ( 8)  0.278
 158 E   0.01467 0.08510 0.16097 0.20383 0.20034 0.15967 0.10313 0.05177 0.01787 0.00264 ( 4)  0.112
 159 E   0.01241 0.07333 0.14310 0.18927 0.19680 0.16835 0.11873 0.06657 0.02655 0.00489 ( 5)  0.124
 160 E   0.01469 0.08522 0.16114 0.20395 0.20034 0.15957 0.10298 0.05166 0.01781 0.00263 ( 4)  0.112
 161 C   0.21454 0.19739 0.17103 0.13978 0.10724 0.07639 0.04952 0.02808 0.01273 0.00331 ( 1)  0.067
 162 F   0.21869 0.20046 0.17260 0.13982 0.10603 0.07444 0.04737 0.02623 0.01152 0.00285 ( 1)  0.065
 163 T   0.00492 0.03123 0.06902 0.10866 0.14183 0.16187 0.16435 0.14739 0.11170 0.05903 ( 7)  0.212
 164 E   0.00027 0.01051 0.04922 0.11514 0.18224 0.21685 0.20035 0.14116 0.06883 0.01543 ( 6)  0.185
 165 V   0.00000 0.00043 0.00521 0.02414 0.06740 0.13428 0.20485 0.24304 0.21373 0.10692 ( 8)  0.301
 166 A   0.24302 0.21777 0.18036 0.13836 0.09775 0.06273 0.03566 0.01708 0.00616 0.00111 ( 1)  0.055
 167 K   0.26964 0.23523 0.18605 0.13382 0.08692 0.05015 0.02492 0.01004 0.00286 0.00035 ( 1)  0.045
 168 G   0.26507 0.23236 0.18531 0.13483 0.08889 0.05225 0.02657 0.01103 0.00327 0.00043 ( 1)  0.047
 169 C   0.18874 0.17739 0.15945 0.13723 0.11269 0.08759 0.06348 0.04168 0.02319 0.00857 ( 1)  0.083
 170 V   0.24848 0.22139 0.18159 0.13748 0.09554 0.06012 0.03339 0.01559 0.00546 0.00096 ( 1)  0.053
 171 L   0.21587 0.19829 0.17136 0.13957 0.10667 0.07569 0.04890 0.02770 0.01260 0.00335 ( 1)  0.067
 172 Q   0.23492 0.21214 0.17804 0.13914 0.10071 0.06665 0.03938 0.01983 0.00765 0.00154 ( 1)  0.058
 173 L   0.22078 0.20193 0.17323 0.13964 0.10527 0.07340 0.04637 0.02550 0.01113 0.00276 ( 1)  0.064
 174 L   0.22422 0.20448 0.17451 0.13965 0.10426 0.07178 0.04460 0.02398 0.01014 0.00237 ( 1)  0.063
 175 R   0.00000 0.00001 0.00043 0.00379 0.01765 0.05481 0.12620 0.22483 0.30564 0.26663 ( 9)  0.396
 176 F   0.20993 0.19391 0.16916 0.13958 0.10844 0.07851 0.05196 0.03028 0.01426 0.00397 ( 1)  0.070
 177 A   0.00006 0.00246 0.01324 0.03773 0.07719 0.12708 0.17670 0.21018 0.20833 0.14702 ( 8)  0.309
 178 D   0.24405 0.21847 0.18062 0.13823 0.09735 0.06224 0.03520 0.01677 0.00600 0.00107 ( 1)  0.054
 179 N   0.00011 0.00468 0.02394 0.06333 0.11760 0.17120 0.20376 0.19838 0.14958 0.06741 ( 7)  0.250
 180 I   0.22062 0.20187 0.17329 0.13978 0.10542 0.07351 0.04639 0.02543 0.01101 0.00267 ( 1)  0.064
 181 A   0.00017 0.00705 0.03463 0.08656 0.14927 0.19783 0.20908 0.17461 0.10674 0.03407 ( 7)  0.215
 182 I   0.00734 0.04543 0.09589 0.14156 0.16991 0.17432 0.15465 0.11653 0.06957 0.02481 ( 6)  0.170
 183 W   0.00000 0.00047 0.00573 0.02623 0.07208 0.14083 0.20986 0.24199 0.20532 0.09749 ( 8)  0.294
 184 K   0.27828 0.24055 0.18729 0.13178 0.08316 0.04625 0.02194 0.00833 0.00218 0.00023 ( 1)  0.043
 185 P   0.00269 0.01761 0.04106 0.06971 0.10039 0.12981 0.15436 0.16984 0.17052 0.14403 ( 9)  0.280
 186 S   0.21047 0.19429 0.16934 0.13955 0.10825 0.07824 0.05169 0.03008 0.01416 0.00395 ( 1)  0.070
 187 S   0.00532 0.03364 0.07373 0.11472 0.14748 0.16511 0.16361 0.14221 0.10328 0.05090 ( 6)  0.203
 188 E   0.29422 0.24981 0.18865 0.12721 0.07601 0.03950 0.01723 0.00590 0.00135 0.00012 ( 1)  0.039
 189 K   0.27970 0.24141 0.18748 0.13143 0.08254 0.04562 0.02147 0.00806 0.00208 0.00022 ( 1)  0.043
 190 L   0.21826 0.20007 0.17228 0.13962 0.10600 0.07458 0.04766 0.02661 0.01186 0.00305 ( 1)  0.066
 191 F   0.24112 0.21652 0.17993 0.13868 0.09853 0.06365 0.03644 0.01759 0.00639 0.00115 ( 1)  0.055
 192 C   0.00553 0.03490 0.07617 0.11786 0.15037 0.16672 0.16315 0.13949 0.09896 0.04683 ( 6)  0.199
 193 I   0.22687 0.20641 0.17547 0.13963 0.10346 0.07053 0.04326 0.02286 0.00941 0.00210 ( 1)  0.061
 194 L   0.19035 0.17867 0.16024 0.13747 0.11242 0.08692 0.06259 0.04075 0.02242 0.00815 ( 1)  0.082
 195 E   0.00007 0.00310 0.01641 0.04558 0.09021 0.14242 0.18791 0.20909 0.18945 0.11575 ( 8)  0.288
 196 M   0.30273 0.25467 0.18924 0.12468 0.07218 0.03596 0.01482 0.00469 0.00096 0.00007 ( 1)  0.037
 197 Y   0.19314 0.18090 0.16163 0.13794 0.11201 0.08582 0.06106 0.03913 0.02104 0.00733 ( 1)  0.080
 198 E   0.28721 0.24576 0.18810 0.12925 0.07916 0.04244 0.01926 0.00694 0.00171 0.00017 ( 1)  0.041
 199 A   0.25412 0.22520 0.18302 0.13675 0.09338 0.05742 0.03095 0.01387 0.00457 0.00072 ( 1)  0.051
 200 L   0.15403 0.14858 0.13964 0.12798 0.11413 0.09858 0.08177 0.06406 0.04560 0.02563 ( 1)  0.114
 201 A   0.00584 0.03669 0.07960 0.12212 0.15413 0.16854 0.16210 0.13555 0.09333 0.04212 ( 6)  0.193
 202 E   0.29422 0.24981 0.18865 0.12721 0.07601 0.03950 0.01723 0.00590 0.00135 0.00012 ( 1)  0.039
 203 L   0.00000 0.00022 0.00279 0.01381 0.04195 0.09305 0.16272 0.23057 0.25920 0.19569 ( 9)  0.352
 204 L   0.21768 0.19963 0.17205 0.13959 0.10615 0.07484 0.04797 0.02689 0.01206 0.00314 ( 1)  0.066
 205 P   0.00315 0.02046 0.04707 0.07842 0.11022 0.13829 0.15845 0.16640 0.15710 0.12043 ( 8)  0.263
 206 E   0.01528 0.08825 0.16561 0.20739 0.20088 0.15714 0.09909 0.04822 0.01594 0.00220 ( 4)  0.109
 207 L   0.21835 0.20015 0.17235 0.13966 0.10600 0.07455 0.04760 0.02653 0.01180 0.00302 ( 1)  0.066
 208 L   0.00027 0.01063 0.04973 0.11612 0.18333 0.21740 0.19995 0.13999 0.06764 0.01492 ( 6)  0.184
 209 A   0.00000 0.00001 0.00033 0.00297 0.01417 0.04553 0.10962 0.20734 0.30721 0.31282 (10)  0.415
 210 W   0.00634 0.03964 0.08518 0.12893 0.15989 0.17100 0.15994 0.12906 0.08468 0.03534 ( 6)  0.185
 211 F   0.24156 0.21682 0.18006 0.13864 0.09837 0.06344 0.03624 0.01744 0.00631 0.00113 ( 1)  0.055
 212 S   0.14873 0.14402 0.13625 0.12603 0.11375 0.09976 0.08435 0.06771 0.04983 0.02957 ( 1)  0.120
 213 V   0.00647 0.04037 0.08653 0.13055 0.16120 0.17148 0.15932 0.12747 0.08271 0.03392 ( 6)  0.183
 214 K   0.00000 0.00000 0.00001 0.00032 0.00330 0.01900 0.07120 0.18680 0.34410 0.37527 (10)  0.449
 215 V   0.00454 0.02896 0.06449 0.10262 0.13587 0.15796 0.16423 0.15200 0.12047 0.06886 ( 7)  0.221
 216 R   0.01027 0.06185 0.12462 0.17232 0.18977 0.17442 0.13446 0.08431 0.03897 0.00901 ( 5)  0.139
 217 G   0.00898 0.05471 0.11243 0.15984 0.18256 0.17580 0.14385 0.09753 0.05028 0.01401 ( 5)  0.151
 218 F   0.00810 0.04977 0.10378 0.15058 0.17661 0.17586 0.15005 0.10731 0.05942 0.01853 ( 5)  0.160
 219 I   0.01117 0.06672 0.13264 0.17998 0.19341 0.17232 0.12776 0.07621 0.03295 0.00685 ( 5)  0.132
 220 K   0.27624 0.23931 0.18703 0.13229 0.08406 0.04716 0.02262 0.00871 0.00233 0.00026 ( 1)  0.044
 221 E   0.00627 0.03920 0.08438 0.12804 0.15924 0.17090 0.16046 0.13002 0.08566 0.03583 ( 6)  0.186
 222 E   0.29135 0.24815 0.18843 0.12805 0.07730 0.04070 0.01806 0.00632 0.00150 0.00014 ( 1)  0.040
 223 A   0.00419 0.02685 0.06024 0.09691 0.13012 0.15399 0.16379 0.15614 0.12890 0.07888 ( 7)  0.230
 224 E   0.00026 0.01018 0.04782 0.11242 0.17910 0.21504 0.20117 0.14433 0.07244 0.01724 ( 6)  0.188
 225 L   0.00000 0.00037 0.00456 0.02152 0.06149 0.12593 0.19841 0.24439 0.22460 0.11873 ( 8)  0.310
 226 T   0.00008 0.00335 0.01763 0.04854 0.09501 0.14788 0.19160 0.20819 0.18245 0.10527 ( 8)  0.281
 227 L   0.21251 0.19582 0.17013 0.13959 0.10768 0.07729 0.05062 0.02914 0.01352 0.00369 ( 1)  0.069
 228 V   0.00000 0.00000 0.00000 0.00013 0.00145 0.00933 0.04032 0.12746 0.30444 0.51686 (10)  0.493
 229 N   0.00000 0.00035 0.00438 0.02073 0.05938 0.12216 0.19404 0.24242 0.22860 0.12793 ( 8)  0.315
 230 L   0.00297 0.01935 0.04471 0.07494 0.10623 0.13473 0.15655 0.16751 0.16244 0.13057 ( 8)  0.270
 231 G   0.26005 0.22910 0.18430 0.13575 0.09097 0.05461 0.02855 0.01229 0.00384 0.00055 ( 1)  0.048
 232 D   0.24443 0.21872 0.18071 0.13818 0.09721 0.06206 0.03504 0.01666 0.00594 0.00105 ( 1)  0.054
 233 A   0.19188 0.17988 0.16099 0.13770 0.11218 0.08631 0.06176 0.03988 0.02169 0.00773 ( 1)  0.081
 234 V   0.27373 0.23763 0.18644 0.13267 0.08507 0.04838 0.02368 0.00942 0.00266 0.00033 ( 1)  0.044
 235 R   0.17998 0.17034 0.15495 0.13560 0.11381 0.09095 0.06828 0.04692 0.02779 0.01140 ( 1)  0.090
 236 G   0.00928 0.05636 0.11527 0.16280 0.18436 0.17561 0.14173 0.09440 0.04750 0.01271 ( 5)  0.148
 237 T   0.00595 0.03730 0.08065 0.12320 0.15470 0.16829 0.16106 0.13422 0.09243 0.04220 ( 6)  0.192
 238 V   0.00000 0.00000 0.00015 0.00142 0.00735 0.02609 0.07129 0.15896 0.29554 0.43920 (10)  0.461
 239 A   0.00006 0.00256 0.01378 0.03906 0.07940 0.12970 0.17860 0.20998 0.20508 0.14177 ( 8)  0.305
 240 E   0.01538 0.08874 0.16630 0.20785 0.20085 0.15668 0.09850 0.04778 0.01575 0.00217 ( 4)  0.109
 241 F   0.20695 0.19164 0.16792 0.13942 0.10919 0.07986 0.05355 0.03174 0.01530 0.00443 ( 1)  0.072
 242 A   0.24444 0.21874 0.18073 0.13819 0.09721 0.06205 0.03502 0.01663 0.00593 0.00105 ( 1)  0.054
 243 N   0.00010 0.00435 0.02240 0.05984 0.11252 0.16639 0.20193 0.20145 0.15683 0.07419 ( 7)  0.257
 244 T   0.00017 0.00707 0.03472 0.08674 0.14949 0.19798 0.20906 0.17442 0.10646 0.03388 ( 7)  0.215
 245 I   0.22013 0.20150 0.17309 0.13976 0.10556 0.07374 0.04665 0.02566 0.01117 0.00273 ( 1)  0.065
 246 S   0.00000 0.00005 0.00064 0.00363 0.01313 0.03620 0.08269 0.16328 0.28314 0.41725 (10)  0.449
 247 R   0.01209 0.07165 0.14053 0.18712 0.19623 0.16955 0.12098 0.06876 0.02786 0.00523 ( 5)  0.126
 248 E   0.29167 0.24834 0.18845 0.12796 0.07715 0.04056 0.01796 0.00627 0.00148 0.00014 ( 1)  0.040
 249 T   0.18910 0.17769 0.15965 0.13732 0.11266 0.08746 0.06328 0.04144 0.02297 0.00843 ( 1)  0.083
 250 S   0.17546 0.16664 0.15250 0.13459 0.11421 0.09256 0.07073 0.04974 0.03042 0.01316 ( 1)  0.094
 251 C   0.00619 0.03878 0.08364 0.12725 0.15875 0.17096 0.16109 0.13093 0.08640 0.03601 ( 6)  0.186
 252 G   0.00004 0.00157 0.00874 0.02596 0.05615 0.09922 0.15099 0.20206 0.23589 0.21939 ( 9)  0.349
 253 S   0.00000 0.00000 0.00000 0.00006 0.00051 0.00310 0.01430 0.05551 0.19644 0.73008 (10)  0.552
 254 I   0.00004 0.00180 0.01031 0.03146 0.06904 0.12122 0.17780 0.21940 0.21988 0.14905 ( 9)  0.315
 255 P   0.00377 0.02432 0.05510 0.08984 0.12276 0.14856 0.16255 0.16073 0.13954 0.09282 ( 7)  0.242
 256 G   0.00788 0.04852 0.10149 0.14793 0.17458 0.17530 0.15131 0.11000 0.06249 0.02049 ( 6)  0.163
 257 G   0.24042 0.21595 0.17960 0.13860 0.09869 0.06399 0.03686 0.01798 0.00666 0.00125 ( 1)  0.056
 258 G   0.01543 0.08902 0.16677 0.20831 0.20107 0.15655 0.09809 0.04730 0.01541 0.00206 ( 4)  0.108
 259 I   0.25752 0.22750 0.18385 0.13628 0.09204 0.05579 0.02949 0.01286 0.00408 0.00059 ( 1)  0.049
 260 H   0.24493 0.21909 0.18089 0.13816 0.09704 0.06181 0.03479 0.01645 0.00582 0.00101 ( 1)  0.054
 261 L   0.00803 0.04935 0.10302 0.14971 0.17596 0.17570 0.15049 0.10820 0.06041 0.01915 ( 5)  0.161
 262 M   0.00625 0.03886 0.08291 0.12460 0.15377 0.16472 0.15625 0.13091 0.09348 0.04826 ( 6)  0.194
 263 T   0.00787 0.04841 0.10129 0.14770 0.17441 0.17527 0.15145 0.11025 0.06274 0.02062 ( 6)  0.163
 264 R   0.19706 0.18398 0.16349 0.13845 0.11129 0.08418 0.05892 0.03695 0.01929 0.00640 ( 1)  0.078
 265 Y   0.21682 0.19905 0.17184 0.13973 0.10651 0.07529 0.04836 0.02713 0.01214 0.00312 ( 1)  0.066
 266 V   0.24621 0.21985 0.18101 0.13778 0.09641 0.06120 0.03438 0.01628 0.00582 0.00105 ( 1)  0.054
 267 M   0.30273 0.25467 0.18924 0.12468 0.07218 0.03596 0.01482 0.00469 0.00096 0.00007 ( 1)  0.037
 268 N   0.26067 0.22955 0.18450 0.13572 0.09075 0.05430 0.02824 0.01206 0.00371 0.00051 ( 1)  0.048
 269 Y   0.00458 0.02921 0.06501 0.10337 0.13668 0.15860 0.16445 0.15158 0.11932 0.06721 ( 7)  0.220
 270 V   0.21031 0.19411 0.16914 0.13938 0.10815 0.07825 0.05182 0.03030 0.01441 0.00413 ( 1)  0.070
 271 V   0.00000 0.00001 0.00022 0.00133 0.00522 0.01607 0.04253 0.10266 0.23861 0.59335 (10)  0.508
 272 E   0.00000 0.00001 0.00023 0.00209 0.01030 0.03458 0.08828 0.18104 0.30228 0.38120 (10)  0.440
 273 A   0.00003 0.00139 0.00779 0.02342 0.05143 0.09261 0.14425 0.19875 0.24126 0.23906 ( 9)  0.360
 274 A   0.00004 0.00160 0.00888 0.02634 0.05679 0.10002 0.15164 0.20207 0.23488 0.21773 ( 9)  0.348
 275 N   0.00011 0.00462 0.02369 0.06293 0.11739 0.17162 0.20488 0.19950 0.14952 0.06575 ( 7)  0.250
 276 Y   0.22263 0.20334 0.17400 0.13974 0.10480 0.07256 0.04538 0.02459 0.01049 0.00248 ( 1)  0.063
 277 S   0.00883 0.05387 0.11101 0.15841 0.18179 0.17606 0.14502 0.09907 0.05150 0.01445 ( 5)  0.152
 278 W   0.00000 0.00013 0.00170 0.00883 0.02851 0.06831 0.13157 0.21067 0.27872 0.27155 ( 9)  0.389
 279 L   0.00693 0.04305 0.09148 0.13637 0.16578 0.17294 0.15681 0.12166 0.07579 0.02919 ( 6)  0.176
 280 N   0.22979 0.20851 0.17644 0.13949 0.10249 0.06912 0.04183 0.02172 0.00873 0.00188 ( 1)  0.060
 281 H   0.00000 0.00000 0.00000 0.00003 0.00041 0.00313 0.01666 0.06858 0.23239 0.67880 (10)  0.539
 282 L   0.19173 0.17976 0.16089 0.13766 0.11218 0.08635 0.06184 0.03998 0.02180 0.00781 ( 1)  0.081
 283 L   0.18518 0.17403 0.15654 0.13509 0.11167 0.08798 0.06539 0.04492 0.02717 0.01204 ( 1)  0.088
 284 A   0.00000 0.00000 0.00003 0.00056 0.00420 0.01946 0.06425 0.16162 0.31505 0.43482 (10)  0.465
 285 G   0.00000 0.00034 0.00418 0.01985 0.05720 0.11863 0.19045 0.24140 0.23254 0.13540 ( 8)  0.319
 286 C   0.00006 0.00260 0.01398 0.03959 0.08038 0.13103 0.17989 0.21046 0.20381 0.13821 ( 8)  0.303
 287 E   0.00000 0.00003 0.00094 0.00766 0.03224 0.08842 0.17470 0.25733 0.27344 0.16525 ( 9)  0.348
 288 T   0.00005 0.00208 0.01134 0.03285 0.06867 0.11621 0.16734 0.20838 0.22012 0.17295 ( 9)  0.324
 289 Q   0.00000 0.00005 0.00130 0.01029 0.04165 0.10847 0.20023 0.26903 0.25010 0.11889 ( 8)  0.323
 290 V   0.00004 0.00190 0.01049 0.03082 0.06548 0.11276 0.16536 0.20966 0.22508 0.17840 ( 9)  0.328
 291 N   0.23090 0.20928 0.17676 0.13939 0.10208 0.06859 0.04131 0.02134 0.00853 0.00182 ( 1)  0.060
 292 Q   0.00000 0.00000 0.00000 0.00000 0.00001 0.00020 0.00255 0.02215 0.14697 0.82812 (10)  0.578
 293 D   0.00000 0.00032 0.00401 0.01916 0.05555 0.11609 0.18810 0.24114 0.23562 0.13999 ( 8)  0.322
 294 T   0.00000 0.00000 0.00018 0.00257 0.01623 0.06056 0.15158 0.26593 0.31475 0.18820 ( 9)  0.370
 295 T   0.19026 0.17862 0.16023 0.13751 0.11249 0.08700 0.06264 0.04077 0.02239 0.00809 ( 1)  0.082
 296 P   0.16996 0.16207 0.14935 0.13311 0.11444 0.09431 0.07366 0.05332 0.03397 0.01580 ( 1)  0.098
 297 F   0.00000 0.00014 0.00180 0.00925 0.02960 0.07012 0.13340 0.21091 0.27598 0.26880 ( 9)  0.387
 298 G   0.00000 0.00011 0.00148 0.00777 0.02542 0.06200 0.12225 0.20213 0.28040 0.29844 (10)  0.400
 299 Y   0.00000 0.00001 0.00041 0.00359 0.01682 0.05265 0.12243 0.22105 0.30633 0.27670 ( 9)  0.401
 300 C   0.18794 0.17676 0.15907 0.13711 0.11282 0.08791 0.06391 0.04213 0.02356 0.00878 ( 1)  0.084
 301 V   0.00000 0.00000 0.00000 0.00006 0.00074 0.00513 0.02444 0.08837 0.25732 0.62395 (10)  0.524
 302 L   0.00008 0.00336 0.01770 0.04873 0.09534 0.14830 0.19193 0.20816 0.18191 0.10449 ( 8)  0.280
 303 I   0.00000 0.00017 0.00225 0.01139 0.03561 0.08191 0.14975 0.22409 0.26996 0.22485 ( 9)  0.367
 304 L   0.21637 0.19865 0.17153 0.13955 0.10650 0.07545 0.04865 0.02750 0.01248 0.00332 ( 1)  0.067
 305 I   0.25954 0.22883 0.18430 0.13595 0.09123 0.05483 0.02866 0.01231 0.00382 0.00053 ( 1)  0.049
 306 T   0.16502 0.15795 0.14648 0.13173 0.11458 0.09585 0.07628 0.05657 0.03726 0.01830 ( 1)  0.103
 307 R   0.00007 0.00316 0.01672 0.04638 0.09161 0.14421 0.18943 0.20931 0.18742 0.11169 ( 8)  0.285
 308 L   0.15552 0.14985 0.14058 0.12850 0.11421 0.09823 0.08104 0.06304 0.04444 0.02458 ( 1)  0.112
 309 V   0.00008 0.00333 0.01751 0.04821 0.09438 0.14698 0.19069 0.20778 0.18326 0.10778 ( 8)  0.282
 310 D   0.00000 0.00000 0.00001 0.00020 0.00221 0.01355 0.05471 0.15786 0.33026 0.44120 (10)  0.471
 311 K   0.01347 0.07893 0.15186 0.19686 0.19933 0.16474 0.11111 0.05872 0.02154 0.00343 ( 5)  0.118
 312 I   0.22181 0.20274 0.17370 0.13975 0.10505 0.07294 0.04579 0.02494 0.01071 0.00257 ( 1)  0.064
 313 E   0.01430 0.08322 0.15812 0.20152 0.19978 0.16105 0.10559 0.05412 0.01927 0.00303 ( 4)  0.114
 314 D   0.00000 0.00038 0.00466 0.02186 0.06196 0.12588 0.19702 0.24194 0.22371 0.12258 ( 8)  0.311
 315 T   0.00501 0.03179 0.07011 0.11008 0.14319 0.16270 0.16426 0.14623 0.10968 0.05695 ( 7)  0.210
 316 S   0.00000 0.00014 0.00180 0.00929 0.02977 0.07071 0.13473 0.21290 0.27701 0.26364 ( 9)  0.385
 317 K   0.01356 0.07942 0.15260 0.19745 0.19946 0.16437 0.11046 0.05812 0.02120 0.00335 ( 5)  0.117
 318 L   0.00701 0.04352 0.09239 0.13748 0.16672 0.17335 0.15646 0.12061 0.07438 0.02808 ( 6)  0.175
 319 Y   0.18741 0.17633 0.15880 0.13703 0.11291 0.08813 0.06421 0.04244 0.02382 0.00893 ( 1)  0.084
 320 A   0.00000 0.00037 0.00461 0.02165 0.06156 0.12548 0.19705 0.24265 0.22452 0.12211 ( 8)  0.311
 321 D   0.24463 0.21886 0.18075 0.13814 0.09712 0.06196 0.03496 0.01661 0.00592 0.00105 ( 1)  0.054
 322 E   0.29237 0.24874 0.18851 0.12776 0.07684 0.04027 0.01776 0.00617 0.00145 0.00013 ( 1)  0.039
 323 A   0.19168 0.17962 0.16065 0.13735 0.11189 0.08618 0.06187 0.04025 0.02224 0.00827 ( 1)  0.082
 324 L   0.21694 0.19910 0.17180 0.13963 0.10639 0.07520 0.04834 0.02718 0.01223 0.00319 ( 1)  0.066
 325 Q   0.24294 0.21773 0.18037 0.13841 0.09781 0.06278 0.03567 0.01707 0.00614 0.00110 ( 1)  0.055
 326 N   0.01160 0.06904 0.13641 0.18350 0.19495 0.17119 0.12457 0.07252 0.03029 0.00594 ( 5)  0.129
 327 I   0.22831 0.20731 0.17568 0.13924 0.10274 0.06978 0.04271 0.02261 0.00942 0.00219 ( 1)  0.061
 328 F   0.20753 0.19208 0.16816 0.13944 0.10904 0.07960 0.05324 0.03146 0.01511 0.00435 ( 1)  0.071
 329 L   0.21338 0.19645 0.17043 0.13956 0.10740 0.07686 0.05018 0.02879 0.01331 0.00363 ( 1)  0.068
 330 M   0.01673 0.09566 0.17644 0.21551 0.20183 0.15098 0.08968 0.04018 0.01173 0.00128 ( 4)  0.102
 331 D   0.01191 0.07073 0.13912 0.18597 0.19596 0.17026 0.12224 0.06993 0.02851 0.00536 ( 5)  0.127
 332 N   0.23044 0.20896 0.17663 0.13943 0.10225 0.06881 0.04153 0.02149 0.00861 0.00184 ( 1)  0.060
 333 L   0.21675 0.19894 0.17169 0.13958 0.10641 0.07528 0.04845 0.02731 0.01234 0.00325 ( 1)  0.067
 334 L   0.00006 0.00244 0.01314 0.03737 0.07630 0.12546 0.17451 0.20843 0.20914 0.15315 ( 9)  0.311
 335 Y   0.21898 0.20065 0.17265 0.13975 0.10589 0.07428 0.04725 0.02618 0.01151 0.00287 ( 1)  0.065
 336 I   0.00000 0.00001 0.00021 0.00199 0.00996 0.03387 0.08757 0.18151 0.30470 0.38017 (10)  0.441
 337 V   0.01204 0.07130 0.13974 0.18600 0.19517 0.16910 0.12147 0.07001 0.02923 0.00593 ( 5)  0.127
 338 Q   0.00930 0.05648 0.11552 0.16310 0.18461 0.17570 0.14160 0.09408 0.04713 0.01248 ( 5)  0.147
 339 K   0.27921 0.24111 0.18742 0.13155 0.08275 0.04584 0.02163 0.00815 0.00212 0.00022 ( 1)  0.043
 340 V   0.00010 0.00427 0.02160 0.05656 0.10429 0.15217 0.18526 0.19255 0.16984 0.11336 ( 8)  0.277
 341 K   0.00020 0.00818 0.03951 0.09654 0.16159 0.20619 0.20772 0.16307 0.09158 0.02542 ( 7)  0.203
 342 S   0.00011 0.00468 0.02395 0.06338 0.11772 0.17141 0.20400 0.19848 0.14936 0.06690 ( 7)  0.250
 343 S   0.14751 0.14296 0.13545 0.12554 0.11362 0.09999 0.08492 0.06856 0.05086 0.03059 ( 1)  0.121
 344 E   0.27654 0.23941 0.18693 0.13209 0.08389 0.04709 0.02264 0.00877 0.00238 0.00027 ( 1)  0.044
 345 L   0.18532 0.17450 0.15739 0.13618 0.11270 0.08859 0.06530 0.04401 0.02559 0.01041 ( 1)  0.087
 346 R   0.01336 0.07839 0.15104 0.19619 0.19917 0.16514 0.11184 0.05941 0.02194 0.00353 ( 5)  0.118
 347 T   0.00000 0.00000 0.00000 0.00000 0.00005 0.00058 0.00467 0.02899 0.15369 0.81202 (10)  0.574
 348 W   0.00000 0.00016 0.00207 0.01056 0.03330 0.07744 0.14368 0.21945 0.27263 0.24071 ( 9)  0.374
 349 L   0.18895 0.17755 0.15954 0.13724 0.11264 0.08749 0.06336 0.04157 0.02311 0.00855 ( 1)  0.083
 350 G   0.26207 0.23042 0.18472 0.13540 0.09014 0.05366 0.02774 0.01176 0.00359 0.00049 ( 1)  0.048
 351 D   0.00927 0.05633 0.11521 0.16272 0.18427 0.17556 0.14174 0.09448 0.04762 0.01281 ( 5)  0.148
 352 N   0.26277 0.23090 0.18491 0.13532 0.08987 0.05332 0.02742 0.01154 0.00348 0.00047 ( 1)  0.048
 353 W   0.20602 0.19094 0.16753 0.13935 0.10941 0.08028 0.05405 0.03220 0.01564 0.00458 ( 1)  0.072
 354 I   0.01094 0.06546 0.13057 0.17800 0.19247 0.17286 0.12948 0.07830 0.03451 0.00742 ( 5)  0.134
 355 H   0.00472 0.03007 0.06673 0.10565 0.13893 0.16008 0.16449 0.14983 0.11599 0.06351 ( 7)  0.216
 356 A   0.00000 0.00048 0.00585 0.02675 0.07341 0.14305 0.21218 0.24266 0.20274 0.09288 ( 8)  0.291
 357 R   0.00000 0.00006 0.00091 0.00507 0.01794 0.04771 0.10324 0.18839 0.29014 0.34655 (10)  0.422
 358 Y   0.00000 0.00007 0.00093 0.00504 0.01735 0.04504 0.09612 0.17612 0.28131 0.37802 (10)  0.432
 359 G   0.20346 0.18894 0.16635 0.13906 0.10992 0.08138 0.05544 0.03359 0.01672 0.00513 ( 1)  0.074
 360 L   0.00882 0.05380 0.11085 0.15816 0.18152 0.17586 0.14501 0.09930 0.05190 0.01478 ( 5)  0.152
 361 I   0.22392 0.20415 0.17419 0.13940 0.10415 0.07187 0.04488 0.02436 0.01050 0.00258 ( 1)  0.063
 362 R   0.01018 0.06136 0.12382 0.17155 0.18940 0.17461 0.13512 0.08513 0.03959 0.00923 ( 5)  0.139
 363 A   0.00000 0.00000 0.00003 0.00042 0.00322 0.01539 0.05294 0.14116 0.30036 0.48647 (10)  0.481
 364 Y   0.22436 0.20460 0.17461 0.13971 0.10427 0.07173 0.04451 0.02387 0.01003 0.00231 ( 1)  0.063
 365 S   0.19865 0.18523 0.16424 0.13865 0.11100 0.08351 0.05805 0.03607 0.01858 0.00602 ( 1)  0.077
 366 K   0.00340 0.02206 0.05042 0.08323 0.11561 0.14287 0.16053 0.16433 0.14967 0.10787 ( 8)  0.254
 367 R   0.01250 0.07383 0.14397 0.19017 0.19733 0.16823 0.11801 0.06560 0.02578 0.00460 ( 5)  0.123
 368 Y   0.22318 0.20374 0.17420 0.13974 0.10463 0.07229 0.04510 0.02436 0.01034 0.00243 ( 1)  0.063
 369 L   0.00748 0.04624 0.09739 0.14334 0.17132 0.17478 0.15390 0.11475 0.06745 0.02336 ( 6)  0.168
 370 Q   0.00287 0.01873 0.04335 0.07287 0.10370 0.13224 0.15486 0.16761 0.16556 0.13822 ( 8)  0.275
 371 S   0.20455 0.18980 0.16688 0.13922 0.10974 0.08093 0.05484 0.03297 0.01621 0.00486 ( 1)  0.073
 372 S   0.15104 0.14602 0.13776 0.12692 0.11396 0.09929 0.08325 0.06611 0.04792 0.02773 ( 1)  0.117
 373 W   0.20602 0.19094 0.16753 0.13935 0.10941 0.08028 0.05405 0.03220 0.01564 0.00458 ( 1)  0.072
 374 T   0.00000 0.00000 0.00001 0.00016 0.00134 0.00723 0.02897 0.09344 0.25556 0.61329 (10)  0.520
 375 R   0.00000 0.00002 0.00058 0.00499 0.02248 0.06689 0.14587 0.24201 0.29781 0.21935 ( 9)  0.376
 376 V   0.18349 0.17311 0.15663 0.13609 0.11319 0.08948 0.06633 0.04493 0.02619 0.01057 ( 1)  0.088
 377 I   0.00003 0.00114 0.00645 0.01968 0.04409 0.08154 0.13158 0.19021 0.24756 0.27774 (10)  0.378
 378 A   0.00000 0.00012 0.00159 0.00827 0.02688 0.06497 0.12662 0.20612 0.27961 0.28584 (10)  0.395
 379 C   0.00469 0.02986 0.06630 0.10509 0.13840 0.15975 0.16452 0.15029 0.11680 0.06433 ( 7)  0.217
 380 L   0.22085 0.20199 0.17325 0.13964 0.10524 0.07336 0.04633 0.02547 0.01111 0.00275 ( 1)  0.064
 381 R   0.00885 0.05398 0.11116 0.15850 0.18174 0.17587 0.14480 0.09896 0.05156 0.01459 ( 5)  0.152
 382 D   0.24520 0.21924 0.18089 0.13806 0.09690 0.06169 0.03472 0.01644 0.00584 0.00103 ( 1)  0.054
 383 D   0.24287 0.21767 0.18033 0.13839 0.09781 0.06281 0.03571 0.01712 0.00617 0.00111 ( 1)  0.055
 384 G   0.26599 0.23294 0.18547 0.13464 0.08850 0.05182 0.02623 0.01082 0.00318 0.00041 ( 1)  0.047
 385 L   0.00645 0.04026 0.08632 0.13030 0.16099 0.17140 0.15941 0.12771 0.08301 0.03415 ( 6)  0.183
 386 L   0.00002 0.00104 0.00592 0.01821 0.04123 0.07724 0.12665 0.18687 0.24995 0.29287 (10)  0.385
 387 L   0.00000 0.00000 0.00000 0.00005 0.00062 0.00453 0.02269 0.08619 0.26061 0.62531 (10)  0.525
 388 T   0.00000 0.00000 0.00000 0.00007 0.00064 0.00377 0.01685 0.06280 0.20988 0.70599 (10)  0.545
 389 T   0.00000 0.00010 0.00129 0.00683 0.02271 0.05645 0.11403 0.19455 0.28181 0.32222 (10)  0.410
 390 G   0.00006 0.00249 0.01341 0.03816 0.07790 0.12791 0.17728 0.21008 0.20728 0.14543 ( 8)  0.308
 391 S   0.14945 0.14463 0.13671 0.12629 0.11380 0.09960 0.08400 0.06722 0.04926 0.02904 ( 1)  0.119
 392 S   0.20230 0.18805 0.16586 0.13899 0.11020 0.08191 0.05607 0.03417 0.01714 0.00532 ( 1)  0.074
 393 S   0.20617 0.19105 0.16760 0.13936 0.10938 0.08022 0.05396 0.03213 0.01558 0.00455 ( 1)  0.072
 394 T   0.00377 0.02428 0.05501 0.08970 0.12260 0.14842 0.16248 0.16078 0.13976 0.09320 ( 7)  0.242
 395 L   0.22567 0.20552 0.17501 0.13960 0.10379 0.07109 0.04389 0.02341 0.00978 0.00225 ( 1)  0.062
 396 K   0.00024 0.00939 0.04467 0.10670 0.17340 0.21311 0.20469 0.15107 0.07794 0.01879 ( 6)  0.192
 397 G   0.00000 0.00000 0.00001 0.00019 0.00157 0.00828 0.03233 0.10092 0.26429 0.59240 (10)  0.513
 398 A   0.00465 0.02966 0.06585 0.10439 0.13753 0.15892 0.16403 0.15050 0.11800 0.06647 ( 7)  0.218
 399 L   0.22058 0.20179 0.17316 0.13964 0.10532 0.07349 0.04647 0.02558 0.01118 0.00278 ( 1)  0.065
 400 K   0.27874 0.24083 0.18735 0.13166 0.08296 0.04605 0.02179 0.00824 0.00215 0.00023 ( 1)  0.043
 401 E   0.00645 0.04029 0.08642 0.13049 0.16128 0.17171 0.15960 0.12764 0.08259 0.03354 ( 6)  0.183
 402 R   0.25320 0.22468 0.18297 0.13706 0.09384 0.05784 0.03120 0.01395 0.00456 0.00069 ( 1)  0.051
 403 F   0.24156 0.21682 0.18006 0.13864 0.09837 0.06344 0.03624 0.01744 0.00631 0.00113 ( 1)  0.055
 404 K   0.01115 0.06666 0.13272 0.18036 0.19400 0.17280 0.12779 0.07574 0.03229 0.00650 ( 5)  0.131
 405 S   0.00000 0.00031 0.00392 0.01876 0.05462 0.11474 0.18705 0.24142 0.23753 0.14167 ( 8)  0.323
 406 F   0.24056 0.21612 0.17977 0.13873 0.09873 0.06392 0.03670 0.01779 0.00649 0.00118 ( 1)  0.055
 407 N   0.26554 0.23269 0.18545 0.13479 0.08871 0.05202 0.02635 0.01087 0.00318 0.00040 ( 1)  0.047
 408 L   0.20880 0.19281 0.16820 0.13890 0.10819 0.07878 0.05273 0.03140 0.01543 0.00476 ( 1)  0.071
 409 A   0.00000 0.00000 0.00000 0.00003 0.00045 0.00337 0.01768 0.07140 0.23646 0.67061 (10)  0.537
 410 Y   0.00009 0.00388 0.02020 0.05471 0.10475 0.15851 0.19805 0.20513 0.16811 0.08656 ( 8)  0.267
 411 E   0.28262 0.24304 0.18762 0.13049 0.08119 0.04442 0.02069 0.00771 0.00199 0.00021 ( 1)  0.042
 412 E   0.01504 0.08701 0.16378 0.20600 0.20068 0.15814 0.10068 0.04961 0.01669 0.00237 ( 4)  0.110
 413 L   0.15953 0.15327 0.14309 0.12990 0.11441 0.09726 0.07905 0.06030 0.04136 0.02183 ( 1)  0.108
 414 Y   0.22228 0.20308 0.17388 0.13975 0.10492 0.07273 0.04555 0.02473 0.01057 0.00251 ( 1)  0.064
 415 R   0.01066 0.06397 0.12812 0.17568 0.19140 0.17354 0.13154 0.08075 0.03630 0.00803 ( 5)  0.136
 416 T   0.16367 0.15681 0.14568 0.13132 0.11458 0.09623 0.07698 0.05746 0.03820 0.01905 ( 1)  0.104
 417 Q   0.23927 0.21518 0.17932 0.13877 0.09915 0.06455 0.03735 0.01831 0.00681 0.00129 ( 1)  0.056
 418 T   0.16529 0.15818 0.14664 0.13181 0.11458 0.09577 0.07614 0.05638 0.03706 0.01814 ( 1)  0.103
 419 T   0.00000 0.00006 0.00082 0.00448 0.01561 0.04119 0.08973 0.16884 0.27975 0.39953 (10)  0.441
 420 W   0.20602 0.19094 0.16753 0.13935 0.10941 0.08028 0.05405 0.03220 0.01564 0.00458 ( 1)  0.072
 421 M   0.00000 0.00000 0.00000 0.00012 0.00135 0.00880 0.03859 0.12417 0.30279 0.52418 (10)  0.496
 422 V   0.20772 0.19214 0.16805 0.13921 0.10877 0.07941 0.05319 0.03159 0.01535 0.00457 ( 1)  0.072
 423 A   0.01227 0.07257 0.14182 0.18796 0.19607 0.16853 0.11974 0.06796 0.02771 0.00538 ( 5)  0.125
 424 D   0.24428 0.21863 0.18068 0.13820 0.09726 0.06213 0.03510 0.01670 0.00597 0.00106 ( 1)  0.054
 425 P   0.18647 0.17559 0.15834 0.13688 0.11305 0.08851 0.06472 0.04297 0.02427 0.00919 ( 1)  0.085
 426 Q   0.24107 0.21644 0.17984 0.13859 0.09849 0.06368 0.03652 0.01770 0.00648 0.00119 ( 1)  0.055
 427 L   0.15946 0.15297 0.14249 0.12904 0.11345 0.09645 0.07867 0.06065 0.04268 0.02413 ( 1)  0.110
 428 R   0.17612 0.16717 0.15283 0.13470 0.11412 0.09230 0.07037 0.04935 0.03008 0.01297 ( 1)  0.093
 429 E   0.01423 0.08284 0.15760 0.20117 0.19983 0.16143 0.10607 0.05445 0.01937 0.00301 ( 4)  0.114
 430 E   0.01511 0.08740 0.16439 0.20650 0.20082 0.15787 0.10016 0.04910 0.01638 0.00228 ( 4)  0.110
 431 L   0.00668 0.04160 0.08883 0.13331 0.16346 0.17234 0.15830 0.12478 0.07930 0.03142 ( 6)  0.179
 432 K   0.00016 0.00654 0.03237 0.08177 0.14300 0.19298 0.20878 0.17987 0.11491 0.03962 ( 7)  0.222
 433 I   0.22295 0.20349 0.17394 0.13954 0.10455 0.07237 0.04531 0.02465 0.01062 0.00258 ( 1)  0.063
 434 S   0.00000 0.00000 0.00001 0.00020 0.00169 0.00887 0.03425 0.10535 0.26977 0.57985 (10)  0.510
 435 I   0.25824 0.22796 0.18399 0.13614 0.09174 0.05545 0.02921 0.01269 0.00400 0.00058 ( 1)  0.049
 436 S   0.00002 0.00083 0.00480 0.01504 0.03483 0.06716 0.11428 0.17696 0.25324 0.33283 (10)  0.403
 437 E   0.01525 0.08811 0.16540 0.20722 0.20083 0.15723 0.09927 0.04840 0.01605 0.00223 ( 4)  0.109
 438 Q   0.00000 0.00056 0.00673 0.03030 0.08138 0.15425 0.22077 0.24085 0.18825 0.07690 ( 8)  0.280
 439 L   0.00900 0.05478 0.11243 0.15958 0.18201 0.17516 0.14348 0.09774 0.05104 0.01478 ( 5)  0.151
 440 I   0.00501 0.03175 0.06993 0.10962 0.14237 0.16164 0.16333 0.14602 0.11080 0.05954 ( 7)  0.211
 441 P   0.00305 0.01986 0.04581 0.07658 0.10814 0.13650 0.15758 0.16712 0.15993 0.12543 ( 8)  0.267
 442 T   0.00377 0.02428 0.05501 0.08970 0.12260 0.14842 0.16248 0.16078 0.13976 0.09320 ( 7)  0.242
 443 Y   0.22298 0.20360 0.17413 0.13974 0.10469 0.07239 0.04520 0.02444 0.01039 0.00245 ( 1)  0.063
 444 R   0.18638 0.17551 0.15829 0.13687 0.11307 0.08855 0.06478 0.04303 0.02431 0.00921 ( 1)  0.085
 445 S   0.21011 0.19403 0.16920 0.13954 0.10835 0.07840 0.05187 0.03024 0.01426 0.00399 ( 1)  0.070
 446 F   0.20878 0.19303 0.16867 0.13950 0.10871 0.07902 0.05257 0.03086 0.01469 0.00417 ( 1)  0.071
 447 V   0.00607 0.03804 0.08212 0.12513 0.15653 0.16936 0.16084 0.13253 0.08970 0.03968 ( 6)  0.190
 448 E   0.00004 0.00156 0.00867 0.02577 0.05575 0.09858 0.15020 0.20144 0.23614 0.22187 ( 9)  0.350
 449 R   0.24893 0.22181 0.18192 0.13765 0.09551 0.05989 0.03304 0.01522 0.00519 0.00085 ( 1)  0.052
 450 Y   0.00010 0.00427 0.02203 0.05901 0.11133 0.16530 0.20157 0.20224 0.15851 0.07564 ( 8)  0.258
 451 R   0.00000 0.00003 0.00042 0.00242 0.00897 0.02557 0.06148 0.13167 0.26140 0.50804 (10)  0.479
 452 G   0.00013 0.00550 0.02770 0.07177 0.12972 0.18242 0.20768 0.19072 0.13248 0.05188 ( 7)  0.236
 453 Q   0.00012 0.00496 0.02523 0.06630 0.12201 0.17553 0.20568 0.19602 0.14323 0.06092 ( 7)  0.245
 454 L   0.15712 0.15123 0.14163 0.12913 0.11437 0.09792 0.08029 0.06193 0.04310 0.02328 ( 1)  0.111
 455 Q   0.00000 0.00005 0.00133 0.01049 0.04231 0.10967 0.20139 0.26896 0.24842 0.11737 ( 8)  0.322
 456 L   0.00000 0.00000 0.00001 0.00012 0.00098 0.00524 0.02164 0.07450 0.22732 0.67019 (10)  0.535
 457 R   0.01036 0.06231 0.12538 0.17306 0.19014 0.17424 0.13383 0.08353 0.03837 0.00878 ( 5)  0.138
 458 G   0.00000 0.00000 0.00000 0.00000 0.00000 0.00009 0.00125 0.01285 0.10724 0.87857 (10)  0.590
 459 L   0.00000 0.00000 0.00001 0.00014 0.00116 0.00642 0.02636 0.08760 0.24868 0.62963 (10)  0.524
 460 A   0.18094 0.17108 0.15538 0.13569 0.11359 0.09051 0.06774 0.04640 0.02742 0.01126 ( 1)  0.089
 461 K   0.00000 0.00003 0.00091 0.00747 0.03179 0.08813 0.17583 0.26053 0.27557 0.15972 ( 9)  0.346
 462 Y   0.18834 0.17708 0.15927 0.13719 0.11277 0.08776 0.06370 0.04189 0.02335 0.00865 ( 1)  0.084
 463 V   0.00005 0.00229 0.01254 0.03648 0.07625 0.12799 0.18048 0.21546 0.21008 0.13838 ( 8)  0.306
 464 K   0.26935 0.23502 0.18597 0.13386 0.08704 0.05030 0.02506 0.01014 0.00291 0.00036 ( 1)  0.046
 465 Y   0.22240 0.20317 0.17392 0.13975 0.10488 0.07267 0.04549 0.02468 0.01054 0.00250 ( 1)  0.063
 466 S   0.00000 0.00002 0.00046 0.00407 0.01882 0.05793 0.13175 0.23053 0.30464 0.25178 ( 9)  0.390
 467 P   0.00004 0.00163 0.00902 0.02674 0.05759 0.10125 0.15306 0.20305 0.23420 0.21342 ( 9)  0.346
 468 E   0.01528 0.08827 0.16559 0.20730 0.20075 0.15705 0.09911 0.04833 0.01606 0.00225 ( 4)  0.109
 469 D   0.24287 0.21767 0.18033 0.13839 0.09781 0.06281 0.03571 0.01712 0.00617 0.00111 ( 1)  0.055
 470 L   0.00000 0.00030 0.00381 0.01829 0.05348 0.11293 0.18525 0.24095 0.23953 0.14546 ( 8)  0.325
 471 E   0.28838 0.24644 0.18820 0.12892 0.07864 0.04194 0.01892 0.00675 0.00164 0.00016 ( 1)  0.040
 472 N   0.26441 0.23196 0.18523 0.13501 0.08919 0.05255 0.02679 0.01114 0.00330 0.00043 ( 1)  0.047
 473 Q   0.24294 0.21773 0.18037 0.13841 0.09781 0.06278 0.03567 0.01707 0.00614 0.00110 ( 1)  0.055
 474 I   0.00010 0.00421 0.02186 0.05892 0.11185 0.16681 0.20361 0.20332 0.15705 0.07227 ( 7)  0.256
 475 V   0.00001 0.00066 0.00387 0.01234 0.02925 0.05812 0.10267 0.16679 0.25464 0.37165 (10)  0.420
 476 D   0.24287 0.21767 0.18033 0.13839 0.09781 0.06281 0.03571 0.01712 0.00617 0.00111 ( 1)  0.055
 477 I   0.00012 0.00480 0.02450 0.06471 0.11982 0.17369 0.20534 0.19774 0.14623 0.06306 ( 7)  0.247
 478 F   0.20740 0.19198 0.16811 0.13944 0.10907 0.07966 0.05331 0.03152 0.01515 0.00436 ( 1)  0.071
 479 A   0.00599 0.03762 0.08138 0.12434 0.15608 0.16949 0.16156 0.13351 0.09041 0.03962 ( 6)  0.190
 480 G   0.00000 0.00000 0.00006 0.00062 0.00354 0.01417 0.04468 0.11821 0.27197 0.54675 (10)  0.498


lnL = -10254.248540

