Supplemental results for CODEML (seqf: Exo70F1_grasses_reduced.phy  treef: RAxML_bipartitions.Exo70F1_grasses_reduced)


dN/dS (w) for site classes (K=3)

p:   0.86383  0.13617  0.00000
w:   0.12161  1.00000 274.05392
(note that p[2] is zero)


Naive Empirical Bayes (NEB) probabilities for 3 classes & postmean_w & P(w>1)
(amino acids refer to 1st sequence: AvsRGH2)

   1 V   0.85764 0.14236 -0.00000 ( 1)  0.247 -0.000
   2 A   0.99992 0.00008 -0.00000 ( 1)  0.122 -0.000
   3 M   1.00000 0.00000 -0.00000 ( 1)  0.122 -0.000
   4 Y   0.57846 0.42154 -0.00000 ( 1)  0.492 -0.000
   5 R   0.99918 0.00082 -0.00000 ( 1)  0.122 -0.000
   6 L   0.99941 0.00059 -0.00000 ( 1)  0.122 -0.000
   7 E   0.99999 0.00001 -0.00000 ( 1)  0.122 -0.000
   8 E   0.99988 0.00012 -0.00000 ( 1)  0.122 -0.000
   9 E   0.99999 0.00001 -0.00000 ( 1)  0.122 -0.000
  10 F   0.99983 0.00017 -0.00000 ( 1)  0.122 -0.000
  11 G   0.99364 0.00636 -0.00000 ( 1)  0.127 -0.000
  12 K   0.98894 0.01106 -0.00000 ( 1)  0.131 -0.000
  13 L   0.99909 0.00091 -0.00000 ( 1)  0.122 -0.000
  14 L   0.99940 0.00060 -0.00000 ( 1)  0.122 -0.000
  15 T   0.72985 0.27015 -0.00000 ( 1)  0.359 -0.000
  16 R   0.62518 0.37482 -0.00000 ( 1)  0.451 -0.000
  17 G   0.99997 0.00003 -0.00000 ( 1)  0.122 -0.000
  18 S   0.39658 0.60342 -0.00000 ( 2)  0.652 -0.000
  19 V   0.07714 0.92286 -0.00000 ( 2)  0.932 -0.000
  20 S   0.67382 0.32618 -0.00000 ( 1)  0.408 -0.000
  21 L   0.99954 0.00046 -0.00000 ( 1)  0.122 -0.000
  22 S   0.33761 0.66239 -0.00000 ( 2)  0.703 -0.000
  23 P   0.01107 0.98893 -0.00000 ( 2)  0.990 -0.000
  24 E   0.99992 0.00008 -0.00000 ( 1)  0.122 -0.000
  25 D   0.99998 0.00002 -0.00000 ( 1)  0.122 -0.000
  26 L   0.99464 0.00536 -0.00000 ( 1)  0.126 -0.000
  27 H   0.99070 0.00930 -0.00000 ( 1)  0.130 -0.000
  28 A   0.99874 0.00126 -0.00000 ( 1)  0.123 -0.000
  29 S   0.99082 0.00918 -0.00000 ( 1)  0.130 -0.000
  30 L   0.99957 0.00043 -0.00000 ( 1)  0.122 -0.000
  31 L   0.78417 0.21583 -0.00000 ( 1)  0.311 -0.000
  32 P   0.94257 0.05743 -0.00000 ( 1)  0.172 -0.000
  33 Q   0.97184 0.02816 -0.00000 ( 1)  0.146 -0.000
  34 L   0.99957 0.00043 -0.00000 ( 1)  0.122 -0.000
  35 S   0.99928 0.00072 -0.00000 ( 1)  0.122 -0.000
  36 P   0.99197 0.00803 -0.00000 ( 1)  0.129 -0.000
  37 T   0.99990 0.00010 -0.00000 ( 1)  0.122 -0.000
  38 V   0.99796 0.00204 -0.00000 ( 1)  0.123 -0.000
  39 S   0.99391 0.00609 -0.00000 ( 1)  0.127 -0.000
  40 T   0.00220 0.99780 -0.00000 ( 2)  0.998 -0.000
  41 F   0.98054 0.01946 -0.00000 ( 1)  0.139 -0.000
  42 S   0.00087 0.99913 -0.00000 ( 2)  0.999 -0.000
  43 E   0.61816 0.38184 -0.00000 ( 1)  0.457 -0.000
  44 G   0.99843 0.00157 -0.00000 ( 1)  0.123 -0.000
  45 D   0.98242 0.01758 -0.00000 ( 1)  0.137 -0.000
  46 E   0.93626 0.06374 -0.00000 ( 1)  0.178 -0.000
  47 S   0.28426 0.71574 -0.00000 ( 2)  0.750 -0.000
  48 V   0.00051 0.99949 -0.00000 ( 2)  1.000 -0.000
  49 W   0.23989 0.76011 -0.00000 ( 2)  0.789 -0.000
  50 S   0.08092 0.91908 -0.00000 ( 2)  0.929 -0.000
  51 S   0.99921 0.00079 -0.00000 ( 1)  0.122 -0.000
  52 V   0.49903 0.50097 -0.00000 ( 2)  0.562 -0.000
  53 F   0.99023 0.00977 -0.00000 ( 1)  0.130 -0.000
  54 D   0.99971 0.00029 -0.00000 ( 1)  0.122 -0.000
  55 S   0.19091 0.80909 -0.00000 ( 2)  0.832 -0.000
  56 E   0.99999 0.00001 -0.00000 ( 1)  0.122 -0.000
  57 I   0.99994 0.00006 -0.00000 ( 1)  0.122 -0.000
  58 L   0.65489 0.34511 -0.00000 ( 1)  0.425 -0.000
  59 R   0.96497 0.03503 -0.00000 ( 1)  0.152 -0.000
  60 I   0.98204 0.01796 -0.00000 ( 1)  0.137 -0.000
  61 S   0.00231 0.99769 -0.00000 ( 2)  0.998 -0.000
  62 P   0.99965 0.00035 -0.00000 ( 1)  0.122 -0.000
  63 H   0.95474 0.04526 -0.00000 ( 1)  0.161 -0.000
  64 T   0.99957 0.00043 -0.00000 ( 1)  0.122 -0.000
  65 I   0.99879 0.00121 -0.00000 ( 1)  0.123 -0.000
  66 S   0.43766 0.56234 -0.00000 ( 2)  0.616 -0.000
  67 I   0.00119 0.99881 -0.00000 ( 2)  0.999 -0.000
  68 L   0.99953 0.00047 -0.00000 ( 1)  0.122 -0.000
  69 K   0.98086 0.01914 -0.00000 ( 1)  0.138 -0.000
  70 D   0.99981 0.00019 -0.00000 ( 1)  0.122 -0.000
  71 I   0.99992 0.00008 -0.00000 ( 1)  0.122 -0.000
  72 A   0.99984 0.00016 -0.00000 ( 1)  0.122 -0.000
  73 D   0.99788 0.00212 -0.00000 ( 1)  0.123 -0.000
  74 V   0.99984 0.00016 -0.00000 ( 1)  0.122 -0.000
  75 L   0.99956 0.00044 -0.00000 ( 1)  0.122 -0.000
  76 L   0.99936 0.00064 -0.00000 ( 1)  0.122 -0.000
  77 R   0.37362 0.62638 -0.00000 ( 2)  0.672 -0.000
  78 V   0.98770 0.01230 -0.00000 ( 1)  0.132 -0.000
  79 G   0.99987 0.00013 -0.00000 ( 1)  0.122 -0.000
  80 H   0.98167 0.01833 -0.00000 ( 1)  0.138 -0.000
  81 S   0.02466 0.97534 -0.00000 ( 2)  0.978 -0.000
  82 S   0.17861 0.82139 -0.00000 ( 2)  0.843 -0.000
  83 K   0.99991 0.00009 -0.00000 ( 1)  0.122 -0.000
  84 L   0.98751 0.01249 -0.00000 ( 1)  0.133 -0.000
  85 C   0.02462 0.97538 -0.00000 ( 2)  0.978 -0.000
  86 Q   0.99983 0.00017 -0.00000 ( 1)  0.122 -0.000
  87 V   0.98744 0.01256 -0.00000 ( 1)  0.133 -0.000
  88 Y   0.99955 0.00045 -0.00000 ( 1)  0.122 -0.000
  89 V   0.00722 0.99278 -0.00000 ( 2)  0.994 -0.000
  90 K   0.98715 0.01285 -0.00000 ( 1)  0.133 -0.000
  91 A   0.99675 0.00325 -0.00000 ( 1)  0.124 -0.000
  92 H   0.99432 0.00568 -0.00000 ( 1)  0.127 -0.000
  93 R   0.99669 0.00331 -0.00000 ( 1)  0.125 -0.000
  94 D   0.99980 0.00020 -0.00000 ( 1)  0.122 -0.000
  95 T   0.99355 0.00645 -0.00000 ( 1)  0.127 -0.000
  96 L   0.99861 0.00139 -0.00000 ( 1)  0.123 -0.000
  97 M   0.99910 0.00090 -0.00000 ( 1)  0.122 -0.000
  98 G   0.99991 0.00009 -0.00000 ( 1)  0.122 -0.000
  99 C   0.99920 0.00080 -0.00000 ( 1)  0.122 -0.000
 100 L   0.99951 0.00049 -0.00000 ( 1)  0.122 -0.000
 101 A   0.41225 0.58775 -0.00000 ( 2)  0.638 -0.000
 102 V   0.97526 0.02474 -0.00000 ( 1)  0.143 -0.000
 103 L   0.99713 0.00287 -0.00000 ( 1)  0.124 -0.000
 104 E   0.99975 0.00025 -0.00000 ( 1)  0.122 -0.000
 105 V   0.99982 0.00018 -0.00000 ( 1)  0.122 -0.000
 106 D   0.99998 0.00002 -0.00000 ( 1)  0.122 -0.000
 107 K   0.99998 0.00002 -0.00000 ( 1)  0.122 -0.000
 108 K   0.99996 0.00004 -0.00000 ( 1)  0.122 -0.000
 109 S   0.99873 0.00127 -0.00000 ( 1)  0.123 -0.000
 110 L   0.99922 0.00078 -0.00000 ( 1)  0.122 -0.000
 111 E   0.99999 0.00001 -0.00000 ( 1)  0.122 -0.000
 112 E   0.99999 0.00001 -0.00000 ( 1)  0.122 -0.000
 113 V   0.99996 0.00004 -0.00000 ( 1)  0.122 -0.000
 114 Q   0.99983 0.00017 -0.00000 ( 1)  0.122 -0.000
 115 G   0.68650 0.31350 -0.00000 ( 1)  0.397 -0.000
 116 I   0.97527 0.02473 -0.00000 ( 1)  0.143 -0.000
 117 E   0.99658 0.00342 -0.00000 ( 1)  0.125 -0.000
 118 W   0.99880 0.00120 -0.00000 ( 1)  0.123 -0.000
 119 D   0.98164 0.01836 -0.00000 ( 1)  0.138 -0.000
 120 I   0.12156 0.87844 -0.00000 ( 2)  0.893 -0.000
 121 L   0.99951 0.00049 -0.00000 ( 1)  0.122 -0.000
 122 N   0.99503 0.00497 -0.00000 ( 1)  0.126 -0.000
 123 N   0.53607 0.46393 -0.00000 ( 1)  0.529 -0.000
 124 K   0.99998 0.00002 -0.00000 ( 1)  0.122 -0.000
 125 M   1.00000 0.00000 -0.00000 ( 1)  0.122 -0.000
 126 K   0.99863 0.00137 -0.00000 ( 1)  0.123 -0.000
 127 K   0.99839 0.00161 -0.00000 ( 1)  0.123 -0.000
 128 W   0.99880 0.00120 -0.00000 ( 1)  0.123 -0.000
 129 I   0.99914 0.00086 -0.00000 ( 1)  0.122 -0.000
 130 Q   0.99852 0.00148 -0.00000 ( 1)  0.123 -0.000
 131 A   0.99991 0.00009 -0.00000 ( 1)  0.122 -0.000
 132 L   0.99648 0.00352 -0.00000 ( 1)  0.125 -0.000
 133 K   0.98469 0.01531 -0.00000 ( 1)  0.135 -0.000
 134 V   0.99990 0.00010 -0.00000 ( 1)  0.122 -0.000
 135 V   0.99982 0.00018 -0.00000 ( 1)  0.122 -0.000
 136 V   0.99867 0.00133 -0.00000 ( 1)  0.123 -0.000
 137 H   0.98020 0.01980 -0.00000 ( 1)  0.139 -0.000
 138 G   0.99986 0.00014 -0.00000 ( 1)  0.122 -0.000
 139 L   0.99728 0.00272 -0.00000 ( 1)  0.124 -0.000
 140 L   0.98042 0.01958 -0.00000 ( 1)  0.139 -0.000
 141 A   0.99957 0.00043 -0.00000 ( 1)  0.122 -0.000
 142 E   0.99999 0.00001 -0.00000 ( 1)  0.122 -0.000
 143 E   0.99999 0.00001 -0.00000 ( 1)  0.122 -0.000
 144 R   0.99926 0.00074 -0.00000 ( 1)  0.122 -0.000
 145 R   0.99354 0.00646 -0.00000 ( 1)  0.127 -0.000
 146 I   0.99987 0.00013 -0.00000 ( 1)  0.122 -0.000
 147 C   0.98057 0.01943 -0.00000 ( 1)  0.139 -0.000
 148 S   0.52408 0.47592 -0.00000 ( 1)  0.540 -0.000
 149 Q   0.99983 0.00017 -0.00000 ( 1)  0.122 -0.000
 150 I   0.99950 0.00050 -0.00000 ( 1)  0.122 -0.000
 151 F   0.88888 0.11112 -0.00000 ( 1)  0.219 -0.000
 152 A   0.94067 0.05933 -0.00000 ( 1)  0.174 -0.000
 153 A   0.91363 0.08637 -0.00000 ( 1)  0.197 -0.000
 154 D   0.99959 0.00041 -0.00000 ( 1)  0.122 -0.000
 155 A   0.99748 0.00252 -0.00000 ( 1)  0.124 -0.000
 156 H   0.01357 0.98643 -0.00000 ( 2)  0.988 -0.000
 157 S   0.95675 0.04325 -0.00000 ( 1)  0.160 -0.000
 158 E   0.99987 0.00013 -0.00000 ( 1)  0.122 -0.000
 159 E   0.99968 0.00032 -0.00000 ( 1)  0.122 -0.000
 160 E   0.99987 0.00013 -0.00000 ( 1)  0.122 -0.000
 161 C   0.99928 0.00072 -0.00000 ( 1)  0.122 -0.000
 162 F   0.99940 0.00060 -0.00000 ( 1)  0.122 -0.000
 163 T   0.97980 0.02020 -0.00000 ( 1)  0.139 -0.000
 164 E   0.99882 0.00118 -0.00000 ( 1)  0.123 -0.000
 165 V   0.95435 0.04565 -0.00000 ( 1)  0.162 -0.000
 166 A   0.99984 0.00016 -0.00000 ( 1)  0.122 -0.000
 167 K   0.99997 0.00003 -0.00000 ( 1)  0.122 -0.000
 168 G   0.99996 0.00004 -0.00000 ( 1)  0.122 -0.000
 169 C   0.99705 0.00295 -0.00000 ( 1)  0.124 -0.000
 170 V   0.99985 0.00015 -0.00000 ( 1)  0.122 -0.000
 171 L   0.99918 0.00082 -0.00000 ( 1)  0.122 -0.000
 172 Q   0.99972 0.00028 -0.00000 ( 1)  0.122 -0.000
 173 L   0.99938 0.00062 -0.00000 ( 1)  0.122 -0.000
 174 L   0.99952 0.00048 -0.00000 ( 1)  0.122 -0.000
 175 R   0.56036 0.43964 -0.00000 ( 1)  0.508 -0.000
 176 F   0.99903 0.00097 -0.00000 ( 1)  0.122 -0.000
 177 A   0.89828 0.10172 -0.00000 ( 1)  0.211 -0.000
 178 D   0.99984 0.00016 -0.00000 ( 1)  0.122 -0.000
 179 N   0.98167 0.01833 -0.00000 ( 1)  0.138 -0.000
 180 I   0.99945 0.00055 -0.00000 ( 1)  0.122 -0.000
 181 A   0.99538 0.00462 -0.00000 ( 1)  0.126 -0.000
 182 I   0.99565 0.00435 -0.00000 ( 1)  0.125 -0.000
 183 W   0.96277 0.03723 -0.00000 ( 1)  0.154 -0.000
 184 K   0.99998 0.00002 -0.00000 ( 1)  0.122 -0.000
 185 P   0.87315 0.12685 -0.00000 ( 1)  0.233 -0.000
 186 S   0.99907 0.00093 -0.00000 ( 1)  0.122 -0.000
 187 S   0.98440 0.01560 -0.00000 ( 1)  0.135 -0.000
 188 E   0.99999 0.00001 -0.00000 ( 1)  0.122 -0.000
 189 K   0.99998 0.00002 -0.00000 ( 1)  0.122 -0.000
 190 L   0.99928 0.00072 -0.00000 ( 1)  0.122 -0.000
 191 F   0.99983 0.00017 -0.00000 ( 1)  0.122 -0.000
 192 C   0.98680 0.01320 -0.00000 ( 1)  0.133 -0.000
 193 I   0.99961 0.00039 -0.00000 ( 1)  0.122 -0.000
 194 L   0.99723 0.00277 -0.00000 ( 1)  0.124 -0.000
 195 E   0.93987 0.06013 -0.00000 ( 1)  0.174 -0.000
 196 M   1.00000 0.00000 -0.00000 ( 1)  0.122 -0.000
 197 Y   0.99767 0.00233 -0.00000 ( 1)  0.124 -0.000
 198 E   0.99998 0.00002 -0.00000 ( 1)  0.122 -0.000
 199 A   0.99991 0.00009 -0.00000 ( 1)  0.122 -0.000
 200 L   0.98414 0.01586 -0.00000 ( 1)  0.136 -0.000
 201 A   0.98908 0.01092 -0.00000 ( 1)  0.131 -0.000
 202 E   0.99999 0.00001 -0.00000 ( 1)  0.122 -0.000
 203 L   0.79088 0.20912 -0.00000 ( 1)  0.305 -0.000
 204 L   0.99925 0.00075 -0.00000 ( 1)  0.122 -0.000
 205 P   0.91483 0.08517 -0.00000 ( 1)  0.196 -0.000
 206 E   0.99990 0.00010 -0.00000 ( 1)  0.122 -0.000
 207 L   0.99932 0.00068 -0.00000 ( 1)  0.122 -0.000
 208 L   0.99889 0.00111 -0.00000 ( 1)  0.123 -0.000
 209 A   0.41200 0.58800 -0.00000 ( 2)  0.638 -0.000
 210 W   0.99148 0.00852 -0.00000 ( 1)  0.129 -0.000
 211 F   0.99983 0.00017 -0.00000 ( 1)  0.122 -0.000
 212 S   0.98103 0.01897 -0.00000 ( 1)  0.138 -0.000
 213 V   0.99260 0.00740 -0.00000 ( 1)  0.128 -0.000
 214 K   0.15110 0.84890 -0.00000 ( 2)  0.867 -0.000
 215 V   0.97235 0.02765 -0.00000 ( 1)  0.146 -0.000
 216 R   0.99926 0.00074 -0.00000 ( 1)  0.122 -0.000
 217 G   0.99833 0.00167 -0.00000 ( 1)  0.123 -0.000
 218 F   0.99738 0.00262 -0.00000 ( 1)  0.124 -0.000
 219 I   0.99950 0.00050 -0.00000 ( 1)  0.122 -0.000
 220 K   0.99998 0.00002 -0.00000 ( 1)  0.122 -0.000
 221 E   0.99154 0.00846 -0.00000 ( 1)  0.129 -0.000
 222 E   0.99999 0.00001 -0.00000 ( 1)  0.122 -0.000
 223 A   0.96393 0.03607 -0.00000 ( 1)  0.153 -0.000
 224 E   0.99851 0.00149 -0.00000 ( 1)  0.123 -0.000
 225 L   0.94304 0.05696 -0.00000 ( 1)  0.172 -0.000
 226 T   0.95370 0.04630 -0.00000 ( 1)  0.162 -0.000
 227 L   0.99911 0.00089 -0.00000 ( 1)  0.122 -0.000
 228 V   0.02933 0.97067 -0.00000 ( 2)  0.974 -0.000
 229 N   0.92803 0.07197 -0.00000 ( 1)  0.185 -0.000
 230 L   0.89697 0.10303 -0.00000 ( 1)  0.212 -0.000
 231 G   0.99994 0.00006 -0.00000 ( 1)  0.122 -0.000
 232 D   0.99984 0.00016 -0.00000 ( 1)  0.122 -0.000
 233 A   0.99750 0.00250 -0.00000 ( 1)  0.124 -0.000
 234 V   0.99996 0.00004 -0.00000 ( 1)  0.122 -0.000
 235 R   0.99558 0.00442 -0.00000 ( 1)  0.125 -0.000
 236 G   0.99866 0.00134 -0.00000 ( 1)  0.123 -0.000
 237 T   0.98858 0.01142 -0.00000 ( 1)  0.132 -0.000
 238 V   0.13181 0.86819 -0.00000 ( 2)  0.884 -0.000
 239 A   0.90575 0.09425 -0.00000 ( 1)  0.204 -0.000
 240 E   0.99990 0.00010 -0.00000 ( 1)  0.122 -0.000
 241 F   0.99887 0.00113 -0.00000 ( 1)  0.123 -0.000
 242 A   0.99985 0.00015 -0.00000 ( 1)  0.122 -0.000
 243 N   0.97723 0.02277 -0.00000 ( 1)  0.142 -0.000
 244 T   0.99542 0.00458 -0.00000 ( 1)  0.126 -0.000
 245 I   0.99947 0.00053 -0.00000 ( 1)  0.122 -0.000
 246 S   0.17459 0.82541 -0.00000 ( 2)  0.847 -0.000
 247 R   0.99968 0.00032 -0.00000 ( 1)  0.122 -0.000
 248 E   0.99999 0.00001 -0.00000 ( 1)  0.122 -0.000
 249 T   0.99721 0.00279 -0.00000 ( 1)  0.124 -0.000
 250 S   0.99454 0.00546 -0.00000 ( 1)  0.126 -0.000
 251 C   0.99188 0.00812 -0.00000 ( 1)  0.129 -0.000
 252 G   0.74370 0.25630 -0.00000 ( 1)  0.347 -0.000
 253 S   0.00225 0.99775 -0.00000 ( 2)  0.998 -0.000
 254 I   0.89071 0.10929 -0.00000 ( 1)  0.218 -0.000
 255 P   0.95005 0.04995 -0.00000 ( 1)  0.165 -0.000
 256 G   0.99696 0.00304 -0.00000 ( 1)  0.124 -0.000
 257 G   0.99981 0.00019 -0.00000 ( 1)  0.122 -0.000
 258 G   0.99991 0.00009 -0.00000 ( 1)  0.122 -0.000
 259 I   0.99993 0.00007 -0.00000 ( 1)  0.122 -0.000
 260 H   0.99985 0.00015 -0.00000 ( 1)  0.122 -0.000
 261 L   0.99731 0.00269 -0.00000 ( 1)  0.124 -0.000
 262 M   0.98178 0.01822 -0.00000 ( 1)  0.138 -0.000
 263 T   0.99695 0.00305 -0.00000 ( 1)  0.124 -0.000
 264 R   0.99811 0.00189 -0.00000 ( 1)  0.123 -0.000
 265 Y   0.99931 0.00069 -0.00000 ( 1)  0.122 -0.000
 266 V   0.99983 0.00017 -0.00000 ( 1)  0.122 -0.000
 267 M   1.00000 0.00000 -0.00000 ( 1)  0.122 -0.000
 268 N   0.99994 0.00006 -0.00000 ( 1)  0.122 -0.000
 269 Y   0.97345 0.02655 -0.00000 ( 1)  0.145 -0.000
 270 V   0.99894 0.00106 -0.00000 ( 1)  0.123 -0.000
 271 V   0.03083 0.96917 -0.00000 ( 2)  0.973 -0.000
 272 E   0.22577 0.77423 -0.00000 ( 2)  0.802 -0.000
 273 A   0.68726 0.31274 -0.00000 ( 1)  0.396 -0.000
 274 A   0.74813 0.25187 -0.00000 ( 1)  0.343 -0.000
 275 N   0.98213 0.01787 -0.00000 ( 1)  0.137 -0.000
 276 Y   0.99951 0.00049 -0.00000 ( 1)  0.122 -0.000
 277 S   0.99836 0.00164 -0.00000 ( 1)  0.123 -0.000
 278 W   0.57744 0.42256 -0.00000 ( 1)  0.493 -0.000
 279 L   0.99384 0.00616 -0.00000 ( 1)  0.127 -0.000
 280 N   0.99966 0.00034 -0.00000 ( 1)  0.122 -0.000
 281 H   0.00331 0.99669 -0.00000 ( 2)  0.997 -0.000
 282 L   0.99738 0.00262 -0.00000 ( 1)  0.124 -0.000
 283 L   0.99377 0.00623 -0.00000 ( 1)  0.127 -0.000
 284 A   0.10359 0.89641 -0.00000 ( 2)  0.909 -0.000
 285 G   0.91749 0.08251 -0.00000 ( 1)  0.194 -0.000
 286 C   0.90968 0.09032 -0.00000 ( 1)  0.201 -0.000
 287 E   0.84739 0.15261 -0.00000 ( 1)  0.256 -0.000
 288 T   0.85293 0.14707 -0.00000 ( 1)  0.251 -0.000
 289 Q   0.93452 0.06548 -0.00000 ( 1)  0.179 -0.000
 290 V   0.83348 0.16652 -0.00000 ( 1)  0.268 -0.000
 291 N   0.99967 0.00033 -0.00000 ( 1)  0.122 -0.000
 292 Q   0.00005 0.99995 -0.00000 ( 2)  1.000 -0.000
 293 D   0.90788 0.09212 -0.00000 ( 1)  0.203 -0.000
 294 T   0.77511 0.22489 -0.00000 ( 1)  0.319 -0.000
 295 T   0.99738 0.00262 -0.00000 ( 1)  0.124 -0.000
 296 P   0.99268 0.00732 -0.00000 ( 1)  0.128 -0.000
 297 F   0.57163 0.42837 -0.00000 ( 1)  0.498 -0.000
 298 G   0.50004 0.49996 -0.00000 ( 1)  0.561 -0.000
 299 Y   0.51669 0.48331 -0.00000 ( 1)  0.546 -0.000
 300 C   0.99696 0.00304 -0.00000 ( 1)  0.124 -0.000
 301 V   0.00794 0.99206 -0.00000 ( 2)  0.993 -0.000
 302 L   0.95106 0.04894 -0.00000 ( 1)  0.165 -0.000
 303 I   0.73571 0.26429 -0.00000 ( 1)  0.354 -0.000
 304 L   0.99918 0.00082 -0.00000 ( 1)  0.122 -0.000
 305 I   0.99994 0.00006 -0.00000 ( 1)  0.122 -0.000
 306 T   0.99106 0.00894 -0.00000 ( 1)  0.129 -0.000
 307 R   0.94319 0.05681 -0.00000 ( 1)  0.172 -0.000
 308 L   0.98513 0.01487 -0.00000 ( 1)  0.135 -0.000
 309 V   0.94537 0.05463 -0.00000 ( 1)  0.170 -0.000
 310 D   0.07152 0.92848 -0.00000 ( 2)  0.937 -0.000
 311 K   0.99983 0.00017 -0.00000 ( 1)  0.122 -0.000
 312 I   0.99948 0.00052 -0.00000 ( 1)  0.122 -0.000
 313 E   0.99983 0.00017 -0.00000 ( 1)  0.122 -0.000
 314 D   0.93274 0.06726 -0.00000 ( 1)  0.181 -0.000
 315 T   0.98063 0.01937 -0.00000 ( 1)  0.139 -0.000
 316 S   0.61190 0.38810 -0.00000 ( 1)  0.463 -0.000
 317 K   0.99984 0.00016 -0.00000 ( 1)  0.122 -0.000
 318 L   0.99434 0.00566 -0.00000 ( 1)  0.127 -0.000
 319 Y   0.99689 0.00311 -0.00000 ( 1)  0.124 -0.000
 320 A   0.93344 0.06656 -0.00000 ( 1)  0.180 -0.000
 321 D   0.99984 0.00016 -0.00000 ( 1)  0.122 -0.000
 322 E   0.99999 0.00001 -0.00000 ( 1)  0.122 -0.000
 323 A   0.99706 0.00294 -0.00000 ( 1)  0.124 -0.000
 324 L   0.99924 0.00076 -0.00000 ( 1)  0.122 -0.000
 325 Q   0.99983 0.00017 -0.00000 ( 1)  0.122 -0.000
 326 N   0.99960 0.00040 -0.00000 ( 1)  0.122 -0.000
 327 I   0.99956 0.00044 -0.00000 ( 1)  0.122 -0.000
 328 F   0.99890 0.00110 -0.00000 ( 1)  0.123 -0.000
 329 L   0.99909 0.00091 -0.00000 ( 1)  0.122 -0.000
 330 M   0.99996 0.00004 -0.00000 ( 1)  0.122 -0.000
 331 D   0.99966 0.00034 -0.00000 ( 1)  0.122 -0.000
 332 N   0.99967 0.00033 -0.00000 ( 1)  0.122 -0.000
 333 L   0.99921 0.00079 -0.00000 ( 1)  0.122 -0.000
 334 L   0.87521 0.12479 -0.00000 ( 1)  0.231 -0.000
 335 Y   0.99939 0.00061 -0.00000 ( 1)  0.122 -0.000
 336 I   0.23235 0.76765 -0.00000 ( 2)  0.796 -0.000
 337 V   0.99955 0.00045 -0.00000 ( 1)  0.122 -0.000
 338 Q   0.99858 0.00142 -0.00000 ( 1)  0.123 -0.000
 339 K   0.99998 0.00002 -0.00000 ( 1)  0.122 -0.000
 340 V   0.92279 0.07721 -0.00000 ( 1)  0.189 -0.000
 341 K   0.99732 0.00268 -0.00000 ( 1)  0.124 -0.000
 342 S   0.98113 0.01887 -0.00000 ( 1)  0.138 -0.000
 343 S   0.98002 0.01998 -0.00000 ( 1)  0.139 -0.000
 344 E   0.99997 0.00003 -0.00000 ( 1)  0.122 -0.000
 345 L   0.99566 0.00434 -0.00000 ( 1)  0.125 -0.000
 346 R   0.99982 0.00018 -0.00000 ( 1)  0.122 -0.000
 347 T   0.00019 0.99981 -0.00000 ( 2)  1.000 -0.000
 348 W   0.66544 0.33456 -0.00000 ( 1)  0.415 -0.000
 349 L   0.99703 0.00297 -0.00000 ( 1)  0.124 -0.000
 350 G   0.99994 0.00006 -0.00000 ( 1)  0.122 -0.000
 351 D   0.99853 0.00147 -0.00000 ( 1)  0.123 -0.000
 352 N   0.99995 0.00005 -0.00000 ( 1)  0.122 -0.000
 353 W   0.99880 0.00120 -0.00000 ( 1)  0.123 -0.000
 354 I   0.99943 0.00057 -0.00000 ( 1)  0.122 -0.000
 355 H   0.97643 0.02357 -0.00000 ( 1)  0.142 -0.000
 356 A   0.96658 0.03342 -0.00000 ( 1)  0.151 -0.000
 357 R   0.34657 0.65343 -0.00000 ( 2)  0.696 -0.000
 358 Y   0.27613 0.72387 -0.00000 ( 2)  0.757 -0.000
 359 G   0.99863 0.00137 -0.00000 ( 1)  0.123 -0.000
 360 L   0.99809 0.00191 -0.00000 ( 1)  0.123 -0.000
 361 I   0.99945 0.00055 -0.00000 ( 1)  0.122 -0.000
 362 R   0.99923 0.00077 -0.00000 ( 1)  0.122 -0.000
 363 A   0.06118 0.93882 -0.00000 ( 2)  0.946 -0.000
 364 Y   0.99955 0.00045 -0.00000 ( 1)  0.122 -0.000
 365 S   0.99828 0.00172 -0.00000 ( 1)  0.123 -0.000
 366 K   0.93291 0.06709 -0.00000 ( 1)  0.181 -0.000
 367 R   0.99974 0.00026 -0.00000 ( 1)  0.122 -0.000
 368 Y   0.99952 0.00048 -0.00000 ( 1)  0.122 -0.000
 369 L   0.99610 0.00390 -0.00000 ( 1)  0.125 -0.000
 370 Q   0.88332 0.11668 -0.00000 ( 1)  0.224 -0.000
 371 S   0.99875 0.00125 -0.00000 ( 1)  0.123 -0.000
 372 S   0.98284 0.01716 -0.00000 ( 1)  0.137 -0.000
 373 W   0.99880 0.00120 -0.00000 ( 1)  0.123 -0.000
 374 T   0.01301 0.98699 -0.00000 ( 2)  0.989 -0.000
 375 R   0.72195 0.27805 -0.00000 ( 1)  0.366 -0.000
 376 V   0.99582 0.00418 -0.00000 ( 1)  0.125 -0.000
 377 I   0.57271 0.42729 -0.00000 ( 1)  0.497 -0.000
 378 A   0.53806 0.46194 -0.00000 ( 1)  0.527 -0.000
 379 C   0.97569 0.02431 -0.00000 ( 1)  0.143 -0.000
 380 L   0.99938 0.00062 -0.00000 ( 1)  0.122 -0.000
 381 R   0.99832 0.00168 -0.00000 ( 1)  0.123 -0.000
 382 D   0.99984 0.00016 -0.00000 ( 1)  0.122 -0.000
 383 D   0.99983 0.00017 -0.00000 ( 1)  0.122 -0.000
 384 G   0.99996 0.00004 -0.00000 ( 1)  0.122 -0.000
 385 L   0.99194 0.00806 -0.00000 ( 1)  0.129 -0.000
 386 L   0.53440 0.46560 -0.00000 ( 1)  0.531 -0.000
 387 L   0.00689 0.99311 -0.00000 ( 2)  0.994 -0.000
 388 T   0.00339 0.99661 -0.00000 ( 2)  0.997 -0.000
 389 T   0.41908 0.58092 -0.00000 ( 2)  0.632 -0.000
 390 G   0.89891 0.10109 -0.00000 ( 1)  0.210 -0.000
 391 S   0.98155 0.01845 -0.00000 ( 1)  0.138 -0.000
 392 S   0.99857 0.00143 -0.00000 ( 1)  0.123 -0.000
 393 S   0.99886 0.00114 -0.00000 ( 1)  0.123 -0.000
 394 T   0.94989 0.05011 -0.00000 ( 1)  0.166 -0.000
 395 L   0.99955 0.00045 -0.00000 ( 1)  0.122 -0.000
 396 K   0.99847 0.00153 -0.00000 ( 1)  0.123 -0.000
 397 G   0.01692 0.98308 -0.00000 ( 2)  0.985 -0.000
 398 A   0.97381 0.02619 -0.00000 ( 1)  0.145 -0.000
 399 L   0.99937 0.00063 -0.00000 ( 1)  0.122 -0.000
 400 K   0.99998 0.00002 -0.00000 ( 1)  0.122 -0.000
 401 E   0.99247 0.00753 -0.00000 ( 1)  0.128 -0.000
 402 R   0.99992 0.00008 -0.00000 ( 1)  0.122 -0.000
 403 F   0.99983 0.00017 -0.00000 ( 1)  0.122 -0.000
 404 K   0.99954 0.00046 -0.00000 ( 1)  0.122 -0.000
 405 S   0.90921 0.09079 -0.00000 ( 1)  0.201 -0.000
 406 F   0.99982 0.00018 -0.00000 ( 1)  0.122 -0.000
 407 N   0.99996 0.00004 -0.00000 ( 1)  0.122 -0.000
 408 L   0.99846 0.00154 -0.00000 ( 1)  0.123 -0.000
 409 A   0.00396 0.99604 -0.00000 ( 2)  0.997 -0.000
 410 Y   0.96834 0.03166 -0.00000 ( 1)  0.149 -0.000
 411 E   0.99998 0.00002 -0.00000 ( 1)  0.122 -0.000
 412 E   0.99989 0.00011 -0.00000 ( 1)  0.122 -0.000
 413 L   0.98755 0.01245 -0.00000 ( 1)  0.133 -0.000
 414 Y   0.99950 0.00050 -0.00000 ( 1)  0.122 -0.000
 415 R   0.99937 0.00063 -0.00000 ( 1)  0.122 -0.000
 416 T   0.99049 0.00951 -0.00000 ( 1)  0.130 -0.000
 417 Q   0.99978 0.00022 -0.00000 ( 1)  0.122 -0.000
 418 T   0.99118 0.00882 -0.00000 ( 1)  0.129 -0.000
 419 T   0.23513 0.76487 -0.00000 ( 2)  0.793 -0.000
 420 W   0.99880 0.00120 -0.00000 ( 1)  0.123 -0.000
 421 M   0.02842 0.97158 -0.00000 ( 2)  0.975 -0.000
 422 V   0.99876 0.00124 -0.00000 ( 1)  0.123 -0.000
 423 A   0.99963 0.00037 -0.00000 ( 1)  0.122 -0.000
 424 D   0.99984 0.00016 -0.00000 ( 1)  0.122 -0.000
 425 P   0.99679 0.00321 -0.00000 ( 1)  0.124 -0.000
 426 Q   0.99981 0.00019 -0.00000 ( 1)  0.122 -0.000
 427 L   0.98354 0.01646 -0.00000 ( 1)  0.136 -0.000
 428 R   0.99463 0.00537 -0.00000 ( 1)  0.126 -0.000
 429 E   0.99984 0.00016 -0.00000 ( 1)  0.122 -0.000
 430 E   0.99990 0.00010 -0.00000 ( 1)  0.122 -0.000
 431 L   0.99304 0.00696 -0.00000 ( 1)  0.128 -0.000
 432 K   0.99363 0.00637 -0.00000 ( 1)  0.127 -0.000
 433 I   0.99945 0.00055 -0.00000 ( 1)  0.122 -0.000
 434 S   0.01995 0.98005 -0.00000 ( 2)  0.982 -0.000
 435 I   0.99993 0.00007 -0.00000 ( 1)  0.122 -0.000
 436 S   0.42303 0.57697 -0.00000 ( 2)  0.628 -0.000
 437 E   0.99990 0.00010 -0.00000 ( 1)  0.122 -0.000
 438 Q   0.97876 0.02124 -0.00000 ( 1)  0.140 -0.000
 439 L   0.99813 0.00187 -0.00000 ( 1)  0.123 -0.000
 440 I   0.97793 0.02207 -0.00000 ( 1)  0.141 -0.000
 441 P   0.90745 0.09255 -0.00000 ( 1)  0.203 -0.000
 442 T   0.94989 0.05011 -0.00000 ( 1)  0.166 -0.000
 443 Y   0.99952 0.00048 -0.00000 ( 1)  0.122 -0.000
 444 R   0.99679 0.00321 -0.00000 ( 1)  0.124 -0.000
 445 S   0.99906 0.00094 -0.00000 ( 1)  0.122 -0.000
 446 F   0.99896 0.00104 -0.00000 ( 1)  0.123 -0.000
 447 V   0.98981 0.01019 -0.00000 ( 1)  0.131 -0.000
 448 E   0.73748 0.26252 -0.00000 ( 1)  0.352 -0.000
 449 R   0.99989 0.00011 -0.00000 ( 1)  0.122 -0.000
 450 Y   0.97620 0.02380 -0.00000 ( 1)  0.143 -0.000
 451 R   0.08080 0.91920 -0.00000 ( 2)  0.929 -0.000
 452 G   0.98951 0.01049 -0.00000 ( 1)  0.131 -0.000
 453 Q   0.98405 0.01595 -0.00000 ( 1)  0.136 -0.000
 454 L   0.98646 0.01354 -0.00000 ( 1)  0.134 -0.000
 455 Q   0.93600 0.06400 -0.00000 ( 1)  0.178 -0.000
 456 L   0.00614 0.99386 -0.00000 ( 2)  0.995 -0.000
 457 R   0.99929 0.00071 -0.00000 ( 1)  0.122 -0.000
 458 G   0.00001 0.99999 -0.00000 ( 2)  1.000 -0.000
 459 L   0.01011 0.98989 -0.00000 ( 2)  0.991 -0.000
 460 A   0.99559 0.00441 -0.00000 ( 1)  0.125 -0.000
 461 K   0.87053 0.12947 -0.00000 ( 1)  0.235 -0.000
 462 Y   0.99703 0.00297 -0.00000 ( 1)  0.124 -0.000
 463 V   0.91702 0.08298 -0.00000 ( 1)  0.195 -0.000
 464 K   0.99996 0.00004 -0.00000 ( 1)  0.122 -0.000
 465 Y   0.99950 0.00050 -0.00000 ( 1)  0.122 -0.000
 466 S   0.61081 0.38919 -0.00000 ( 1)  0.463 -0.000
 467 P   0.75888 0.24112 -0.00000 ( 1)  0.333 -0.000
 468 E   0.99990 0.00010 -0.00000 ( 1)  0.122 -0.000
 469 D   0.99983 0.00017 -0.00000 ( 1)  0.122 -0.000
 470 L   0.90181 0.09819 -0.00000 ( 1)  0.208 -0.000
 471 E   0.99999 0.00001 -0.00000 ( 1)  0.122 -0.000
 472 N   0.99996 0.00004 -0.00000 ( 1)  0.122 -0.000
 473 Q   0.99983 0.00017 -0.00000 ( 1)  0.122 -0.000
 474 I   0.97820 0.02180 -0.00000 ( 1)  0.141 -0.000
 475 V   0.32179 0.67821 -0.00000 ( 2)  0.717 -0.000
 476 D   0.99983 0.00017 -0.00000 ( 1)  0.122 -0.000
 477 I   0.98388 0.01612 -0.00000 ( 1)  0.136 -0.000
 478 F   0.99889 0.00111 -0.00000 ( 1)  0.123 -0.000
 479 A   0.98983 0.01017 -0.00000 ( 1)  0.131 -0.000
 480 G   0.03697 0.96303 -0.00000 ( 2)  0.968 -0.000

Positively selected sites

	Prob(w>1)  mean w



lnL = -10294.269395

Bayes Empirical Bayes (BEB) probabilities for 3 classes (class) & postmean_w
(amino acids refer to 1st sequence: AvsRGH2)

   1 V   0.89712 0.09901 0.00388 ( 1)  0.239 +-  0.266
   2 A   0.99990 0.00010 0.00000 ( 1)  0.150 +-  0.009
   3 M   0.99999 0.00001 0.00000 ( 1)  0.150 +-  0.002
   4 Y   0.71037 0.28064 0.00899 ( 1)  0.401 +-  0.395
   5 R   0.99901 0.00097 0.00001 ( 1)  0.151 +-  0.027
   6 L   0.99927 0.00072 0.00001 ( 1)  0.151 +-  0.023
   7 E   0.99998 0.00002 0.00000 ( 1)  0.150 +-  0.004
   8 E   0.99987 0.00013 0.00000 ( 1)  0.150 +-  0.010
   9 E   0.99999 0.00001 0.00000 ( 1)  0.150 +-  0.003
  10 F   0.99979 0.00021 0.00000 ( 1)  0.150 +-  0.012
  11 G   0.99371 0.00616 0.00013 ( 1)  0.155 +-  0.068
  12 K   0.99069 0.00918 0.00013 ( 1)  0.158 +-  0.083
  13 L   0.99890 0.00109 0.00002 ( 1)  0.151 +-  0.029
  14 L   0.99927 0.00072 0.00001 ( 1)  0.151 +-  0.023
  15 T   0.82547 0.17052 0.00400 ( 1)  0.300 +-  0.328
  16 R   0.71447 0.26974 0.01579 ( 1)  0.401 +-  0.401
  17 G   0.99996 0.00004 0.00000 ( 1)  0.150 +-  0.005
  18 S   0.54150 0.43694 0.02155 ( 1)  0.551 +-  0.441
  19 V   0.15411 0.78618 0.05971 ( 2)  0.899 +-  0.341
  20 S   0.75646 0.23191 0.01163 ( 1)  0.363 +-  0.379
  21 L   0.99943 0.00056 0.00001 ( 1)  0.150 +-  0.020
  22 S   0.48040 0.49352 0.02608 ( 2)  0.605 +-  0.444
  23 P   0.02841 0.87553 0.09605 ( 2)  1.024 +-  0.210
  24 E   0.99991 0.00009 0.00000 ( 1)  0.150 +-  0.008
  25 D   0.99997 0.00003 0.00000 ( 1)  0.150 +-  0.005
  26 L   0.99465 0.00524 0.00011 ( 1)  0.155 +-  0.063
  27 H   0.99212 0.00777 0.00011 ( 1)  0.157 +-  0.076
  28 A   0.99870 0.00129 0.00001 ( 1)  0.151 +-  0.031
  29 S   0.99099 0.00879 0.00022 ( 1)  0.158 +-  0.082
  30 L   0.99947 0.00053 0.00001 ( 1)  0.150 +-  0.020
  31 L   0.84352 0.15042 0.00607 ( 1)  0.286 +-  0.318
  32 P   0.95298 0.04542 0.00159 ( 1)  0.191 +-  0.185
  33 Q   0.97667 0.02275 0.00057 ( 1)  0.170 +-  0.131
  34 L   0.99946 0.00053 0.00001 ( 1)  0.150 +-  0.020
  35 S   0.99913 0.00086 0.00001 ( 1)  0.151 +-  0.025
  36 P   0.99209 0.00772 0.00018 ( 1)  0.157 +-  0.077
  37 T   0.99987 0.00013 0.00000 ( 1)  0.150 +-  0.010
  38 V   0.99757 0.00237 0.00006 ( 1)  0.152 +-  0.043
  39 S   0.99396 0.00591 0.00012 ( 1)  0.155 +-  0.067
  40 T   0.00545 0.80938 0.18517 ( 2)  1.088 +-  0.207
  41 F   0.98388 0.01584 0.00029 ( 1)  0.164 +-  0.109
  42 S   0.00266 0.83853 0.15882 ( 2)  1.077 +-  0.189
  43 E   0.76622 0.22872 0.00506 ( 1)  0.351 +-  0.366
  44 G   0.99812 0.00184 0.00004 ( 1)  0.152 +-  0.037
  45 D   0.98718 0.01267 0.00016 ( 1)  0.161 +-  0.097
  46 E   0.96020 0.03923 0.00057 ( 1)  0.184 +-  0.168
  47 S   0.37607 0.56124 0.06269 ( 2)  0.712 +-  0.452
  48 V   0.00150 0.79950 0.19900 ( 2)  1.098 +-  0.204
  49 W   0.36533 0.59481 0.03986 ( 2)  0.709 +-  0.435
  50 S   0.16267 0.78576 0.05157 ( 2)  0.888 +-  0.343
  51 S   0.99904 0.00095 0.00001 ( 1)  0.151 +-  0.027
  52 V   0.63721 0.34661 0.01619 ( 1)  0.466 +-  0.424
  53 F   0.99044 0.00932 0.00024 ( 1)  0.158 +-  0.084
  54 D   0.99968 0.00031 0.00000 ( 1)  0.150 +-  0.015
  55 S   0.33774 0.63511 0.02715 ( 2)  0.726 +-  0.420
  56 E   0.99999 0.00001 0.00000 ( 1)  0.150 +-  0.003
  57 I   0.99992 0.00008 0.00000 ( 1)  0.150 +-  0.008
  58 L   0.74091 0.24635 0.01273 ( 1)  0.377 +-  0.387
  59 R   0.97118 0.02807 0.00075 ( 1)  0.175 +-  0.145
  60 I   0.98504 0.01468 0.00027 ( 1)  0.163 +-  0.105
  61 S   0.00579 0.81574 0.17847 ( 2)  1.084 +-  0.205
  62 P   0.99957 0.00043 0.00000 ( 1)  0.150 +-  0.018
  63 H   0.96778 0.03166 0.00057 ( 1)  0.178 +-  0.152
  64 T   0.99948 0.00052 0.00001 ( 1)  0.150 +-  0.020
  65 I   0.99873 0.00125 0.00001 ( 1)  0.151 +-  0.030
  66 S   0.58473 0.39913 0.01614 ( 1)  0.511 +-  0.433
  67 I   0.00371 0.86005 0.13624 ( 2)  1.065 +-  0.181
  68 L   0.99942 0.00057 0.00001 ( 1)  0.150 +-  0.021
  69 K   0.98615 0.01370 0.00016 ( 1)  0.162 +-  0.100
  70 D   0.99979 0.00021 0.00000 ( 1)  0.150 +-  0.012
  71 I   0.99990 0.00010 0.00000 ( 1)  0.150 +-  0.009
  72 A   0.99980 0.00020 0.00000 ( 1)  0.150 +-  0.012
  73 D   0.99811 0.00187 0.00001 ( 1)  0.152 +-  0.037
  74 V   0.99980 0.00020 0.00000 ( 1)  0.150 +-  0.012
  75 L   0.99959 0.00041 0.00000 ( 1)  0.150 +-  0.017
  76 L   0.99921 0.00078 0.00001 ( 1)  0.151 +-  0.024
  77 R   0.47804 0.48044 0.04152 ( 2)  0.614 +-  0.455
  78 V   0.98797 0.01167 0.00036 ( 1)  0.160 +-  0.095
  79 G   0.99983 0.00017 0.00000 ( 1)  0.150 +-  0.011
  80 H   0.98224 0.01714 0.00063 ( 1)  0.165 +-  0.115
  81 S   0.06221 0.87325 0.06454 ( 2)  0.979 +-  0.246
  82 S   0.28287 0.66023 0.05689 ( 2)  0.788 +-  0.417
  83 K   0.99990 0.00010 0.00000 ( 1)  0.150 +-  0.009
  84 L   0.98780 0.01184 0.00036 ( 1)  0.161 +-  0.095
  85 C   0.05226 0.84266 0.10508 ( 2)  1.008 +-  0.253
  86 Q   0.99978 0.00022 0.00000 ( 1)  0.150 +-  0.013
  87 V   0.98935 0.01046 0.00019 ( 1)  0.159 +-  0.088
  88 Y   0.99945 0.00055 0.00001 ( 1)  0.150 +-  0.020
  89 V   0.01865 0.86918 0.11217 ( 2)  1.040 +-  0.200
  90 K   0.99058 0.00933 0.00009 ( 1)  0.158 +-  0.083
  91 A   0.99713 0.00284 0.00003 ( 1)  0.152 +-  0.046
  92 H   0.99437 0.00552 0.00011 ( 1)  0.155 +-  0.065
  93 R   0.99663 0.00331 0.00006 ( 1)  0.153 +-  0.050
  94 D   0.99977 0.00022 0.00000 ( 1)  0.150 +-  0.013
  95 T   0.99447 0.00546 0.00006 ( 1)  0.155 +-  0.064
  96 L   0.99834 0.00163 0.00003 ( 1)  0.151 +-  0.035
  97 M   0.99918 0.00082 0.00000 ( 1)  0.151 +-  0.024
  98 G   0.99990 0.00010 0.00000 ( 1)  0.150 +-  0.009
  99 C   0.99903 0.00096 0.00001 ( 1)  0.151 +-  0.027
 100 L   0.99940 0.00060 0.00001 ( 1)  0.151 +-  0.021
 101 A   0.55685 0.42225 0.02090 ( 1)  0.537 +-  0.440
 102 V   0.98212 0.01763 0.00025 ( 1)  0.165 +-  0.114
 103 L   0.99662 0.00328 0.00009 ( 1)  0.153 +-  0.050
 104 E   0.99973 0.00027 0.00000 ( 1)  0.150 +-  0.014
 105 V   0.99977 0.00023 0.00000 ( 1)  0.150 +-  0.013
 106 D   0.99997 0.00003 0.00000 ( 1)  0.150 +-  0.005
 107 K   0.99998 0.00002 0.00000 ( 1)  0.150 +-  0.004
 108 K   0.99995 0.00005 0.00000 ( 1)  0.150 +-  0.006
 109 S   0.99869 0.00130 0.00001 ( 1)  0.151 +-  0.031
 110 L   0.99905 0.00093 0.00001 ( 1)  0.151 +-  0.026
 111 E   0.99998 0.00002 0.00000 ( 1)  0.150 +-  0.003
 112 E   0.99999 0.00001 0.00000 ( 1)  0.150 +-  0.003
 113 V   0.99995 0.00005 0.00000 ( 1)  0.150 +-  0.006
 114 Q   0.99978 0.00022 0.00000 ( 1)  0.150 +-  0.013
 115 G   0.76715 0.22212 0.01073 ( 1)  0.353 +-  0.372
 116 I   0.98211 0.01764 0.00025 ( 1)  0.165 +-  0.114
 117 E   0.99654 0.00340 0.00006 ( 1)  0.153 +-  0.051
 118 W   0.99856 0.00141 0.00002 ( 1)  0.151 +-  0.033
 119 D   0.98469 0.01502 0.00029 ( 1)  0.163 +-  0.106
 120 I   0.22895 0.72310 0.04794 ( 2)  0.829 +-  0.385
 121 L   0.99940 0.00059 0.00001 ( 1)  0.151 +-  0.021
 122 N   0.99572 0.00424 0.00004 ( 1)  0.154 +-  0.056
 123 N   0.67389 0.31515 0.01096 ( 1)  0.433 +-  0.410
 124 K   0.99998 0.00002 0.00000 ( 1)  0.150 +-  0.004
 125 M   0.99999 0.00001 0.00000 ( 1)  0.150 +-  0.002
 126 K   0.99877 0.00123 0.00001 ( 1)  0.151 +-  0.030
 127 K   0.99856 0.00143 0.00001 ( 1)  0.151 +-  0.032
 128 W   0.99856 0.00141 0.00002 ( 1)  0.151 +-  0.033
 129 I   0.99909 0.00090 0.00001 ( 1)  0.151 +-  0.026
 130 Q   0.99847 0.00151 0.00002 ( 1)  0.151 +-  0.033
 131 A   0.99988 0.00012 0.00000 ( 1)  0.150 +-  0.009
 132 L   0.99646 0.00348 0.00006 ( 1)  0.153 +-  0.051
 133 K   0.98883 0.01106 0.00012 ( 1)  0.160 +-  0.090
 134 V   0.99987 0.00013 0.00000 ( 1)  0.150 +-  0.010
 135 V   0.99978 0.00022 0.00000 ( 1)  0.150 +-  0.013
 136 V   0.99861 0.00137 0.00002 ( 1)  0.151 +-  0.032
 137 H   0.98345 0.01620 0.00035 ( 1)  0.164 +-  0.110
 138 G   0.99982 0.00017 0.00000 ( 1)  0.150 +-  0.011
 139 L   0.99679 0.00312 0.00009 ( 1)  0.153 +-  0.049
 140 L   0.98101 0.01828 0.00071 ( 1)  0.166 +-  0.119
 141 A   0.99947 0.00053 0.00001 ( 1)  0.150 +-  0.020
 142 E   0.99999 0.00001 0.00000 ( 1)  0.150 +-  0.003
 143 E   0.99999 0.00001 0.00000 ( 1)  0.150 +-  0.003
 144 R   0.99910 0.00089 0.00001 ( 1)  0.151 +-  0.026
 145 R   0.99362 0.00625 0.00013 ( 1)  0.155 +-  0.069
 146 I   0.99984 0.00016 0.00000 ( 1)  0.150 +-  0.011
 147 C   0.98121 0.01812 0.00067 ( 1)  0.166 +-  0.119
 148 S   0.66427 0.32474 0.01100 ( 1)  0.441 +-  0.412
 149 Q   0.99978 0.00022 0.00000 ( 1)  0.150 +-  0.013
 150 I   0.99946 0.00053 0.00000 ( 1)  0.150 +-  0.020
 151 F   0.90864 0.08678 0.00457 ( 1)  0.230 +-  0.254
 152 A   0.95803 0.04121 0.00076 ( 1)  0.186 +-  0.173
 153 A   0.93884 0.05972 0.00144 ( 1)  0.203 +-  0.207
 154 D   0.99956 0.00044 0.00000 ( 1)  0.150 +-  0.018
 155 A   0.99744 0.00253 0.00004 ( 1)  0.152 +-  0.043
 156 H   0.03457 0.87454 0.09089 ( 2)  1.016 +-  0.218
 157 S   0.96459 0.03442 0.00099 ( 1)  0.181 +-  0.160
 158 E   0.99985 0.00015 0.00000 ( 1)  0.150 +-  0.010
 159 E   0.99965 0.00034 0.00000 ( 1)  0.150 +-  0.016
 160 E   0.99985 0.00015 0.00000 ( 1)  0.150 +-  0.010
 161 C   0.99912 0.00087 0.00001 ( 1)  0.151 +-  0.025
 162 F   0.99926 0.00073 0.00001 ( 1)  0.151 +-  0.023
 163 T   0.98045 0.01882 0.00073 ( 1)  0.167 +-  0.121
 164 E   0.99893 0.00107 0.00001 ( 1)  0.151 +-  0.028
 165 V   0.96752 0.03193 0.00055 ( 1)  0.178 +-  0.153
 166 A   0.99979 0.00020 0.00000 ( 1)  0.150 +-  0.012
 167 K   0.99995 0.00005 0.00000 ( 1)  0.150 +-  0.006
 168 G   0.99994 0.00006 0.00000 ( 1)  0.150 +-  0.007
 169 C   0.99654 0.00337 0.00010 ( 1)  0.153 +-  0.051
 170 V   0.99981 0.00019 0.00000 ( 1)  0.150 +-  0.012
 171 L   0.99900 0.00099 0.00002 ( 1)  0.151 +-  0.027
 172 Q   0.99965 0.00034 0.00000 ( 1)  0.150 +-  0.016
 173 L   0.99924 0.00075 0.00001 ( 1)  0.151 +-  0.024
 174 L   0.99941 0.00058 0.00001 ( 1)  0.151 +-  0.021
 175 R   0.69483 0.29559 0.00958 ( 1)  0.414 +-  0.402
 176 F   0.99884 0.00115 0.00002 ( 1)  0.151 +-  0.029
 177 A   0.91688 0.07942 0.00370 ( 1)  0.223 +-  0.243
 178 D   0.99979 0.00021 0.00000 ( 1)  0.150 +-  0.012
 179 N   0.98469 0.01501 0.00030 ( 1)  0.163 +-  0.106
 180 I   0.99933 0.00066 0.00001 ( 1)  0.151 +-  0.022
 181 A   0.99600 0.00396 0.00004 ( 1)  0.153 +-  0.054
 182 I   0.99564 0.00428 0.00008 ( 1)  0.154 +-  0.057
 183 W   0.97334 0.02623 0.00042 ( 1)  0.173 +-  0.139
 184 K   0.99997 0.00003 0.00000 ( 1)  0.150 +-  0.004
 185 P   0.87737 0.11082 0.01181 ( 1)  0.260 +-  0.299
 186 S   0.99887 0.00111 0.00002 ( 1)  0.151 +-  0.029
 187 S   0.98482 0.01468 0.00050 ( 1)  0.163 +-  0.107
 188 E   0.99999 0.00001 0.00000 ( 1)  0.150 +-  0.003
 189 K   0.99998 0.00002 0.00000 ( 1)  0.150 +-  0.004
 190 L   0.99913 0.00086 0.00001 ( 1)  0.151 +-  0.025
 191 F   0.99978 0.00021 0.00000 ( 1)  0.150 +-  0.013
 192 C   0.98714 0.01248 0.00038 ( 1)  0.161 +-  0.098
 193 I   0.99952 0.00048 0.00000 ( 1)  0.150 +-  0.019
 194 L   0.99674 0.00317 0.00009 ( 1)  0.153 +-  0.049
 195 E   0.95074 0.04754 0.00172 ( 1)  0.193 +-  0.189
 196 M   0.99999 0.00001 0.00000 ( 1)  0.150 +-  0.002
 197 Y   0.99725 0.00268 0.00007 ( 1)  0.152 +-  0.045
 198 E   0.99998 0.00002 0.00000 ( 1)  0.150 +-  0.004
 199 A   0.99988 0.00012 0.00000 ( 1)  0.150 +-  0.009
 200 L   0.98166 0.01710 0.00124 ( 1)  0.166 +-  0.120
 201 A   0.98930 0.01040 0.00030 ( 1)  0.159 +-  0.089
 202 E   0.99999 0.00001 0.00000 ( 1)  0.150 +-  0.003
 203 L   0.84802 0.14579 0.00619 ( 1)  0.282 +-  0.315
 204 L   0.99908 0.00090 0.00001 ( 1)  0.151 +-  0.026
 205 P   0.91772 0.07566 0.00663 ( 1)  0.223 +-  0.248
 206 E   0.99989 0.00011 0.00000 ( 1)  0.150 +-  0.009
 207 L   0.99917 0.00082 0.00001 ( 1)  0.151 +-  0.025
 208 L   0.99899 0.00101 0.00001 ( 1)  0.151 +-  0.027
 209 A   0.55646 0.42245 0.02109 ( 1)  0.538 +-  0.440
 210 W   0.99160 0.00819 0.00021 ( 1)  0.157 +-  0.079
 211 F   0.99979 0.00021 0.00000 ( 1)  0.150 +-  0.012
 212 S   0.97810 0.02031 0.00159 ( 1)  0.169 +-  0.131
 213 V   0.99268 0.00715 0.00017 ( 1)  0.156 +-  0.074
 214 K   0.30933 0.67008 0.02059 ( 2)  0.747 +-  0.406
 215 V   0.97327 0.02553 0.00120 ( 1)  0.173 +-  0.142
 216 R   0.99922 0.00077 0.00001 ( 1)  0.151 +-  0.024
 217 G   0.99828 0.00170 0.00002 ( 1)  0.151 +-  0.035
 218 F   0.99735 0.00261 0.00003 ( 1)  0.152 +-  0.044
 219 I   0.99947 0.00053 0.00000 ( 1)  0.150 +-  0.020
 220 K   0.99997 0.00003 0.00000 ( 1)  0.150 +-  0.005
 221 E   0.99168 0.00812 0.00020 ( 1)  0.157 +-  0.079
 222 E   0.99998 0.00002 0.00000 ( 1)  0.150 +-  0.004
 223 A   0.96522 0.03299 0.00179 ( 1)  0.180 +-  0.162
 224 E   0.99864 0.00135 0.00001 ( 1)  0.151 +-  0.031
 225 L   0.95989 0.03943 0.00068 ( 1)  0.184 +-  0.169
 226 T   0.96201 0.03685 0.00113 ( 1)  0.183 +-  0.166
 227 L   0.99892 0.00106 0.00002 ( 1)  0.151 +-  0.028
 228 V   0.07176 0.85582 0.07242 ( 2)  0.975 +-  0.263
 229 N   0.94906 0.04988 0.00106 ( 1)  0.194 +-  0.190
 230 L   0.89996 0.09095 0.00909 ( 1)  0.240 +-  0.273
 231 G   0.99992 0.00008 0.00000 ( 1)  0.150 +-  0.008
 232 D   0.99979 0.00020 0.00000 ( 1)  0.150 +-  0.012
 233 A   0.99705 0.00287 0.00008 ( 1)  0.153 +-  0.047
 234 V   0.99995 0.00005 0.00000 ( 1)  0.150 +-  0.006
 235 R   0.99485 0.00498 0.00017 ( 1)  0.154 +-  0.062
 236 G   0.99861 0.00137 0.00001 ( 1)  0.151 +-  0.032
 237 T   0.98876 0.01090 0.00034 ( 1)  0.160 +-  0.092
 238 V   0.21504 0.70914 0.07583 ( 2)  0.855 +-  0.392
 239 A   0.92282 0.07376 0.00341 ( 1)  0.217 +-  0.234
 240 E   0.99989 0.00011 0.00000 ( 1)  0.150 +-  0.009
 241 F   0.99865 0.00133 0.00002 ( 1)  0.151 +-  0.032
 242 A   0.99981 0.00019 0.00000 ( 1)  0.150 +-  0.012
 243 N   0.98111 0.01850 0.00040 ( 1)  0.166 +-  0.118
 244 T   0.99603 0.00393 0.00004 ( 1)  0.153 +-  0.054
 245 I   0.99935 0.00064 0.00001 ( 1)  0.151 +-  0.022
 246 S   0.24766 0.66577 0.08657 ( 2)  0.833 +-  0.416
 247 R   0.99965 0.00035 0.00000 ( 1)  0.150 +-  0.016
 248 E   0.99998 0.00002 0.00000 ( 1)  0.150 +-  0.003
 249 T   0.99672 0.00319 0.00009 ( 1)  0.153 +-  0.050
 250 S   0.99366 0.00610 0.00024 ( 1)  0.156 +-  0.069
 251 C   0.99203 0.00779 0.00018 ( 1)  0.157 +-  0.077
 252 G   0.78430 0.19893 0.01676 ( 1)  0.342 +-  0.371
 253 S   0.00404 0.67806 0.31790 ( 2)  1.157 +-  0.249
 254 I   0.91430 0.08244 0.00326 ( 1)  0.224 +-  0.245
 255 P   0.95192 0.04518 0.00290 ( 1)  0.192 +-  0.190
 256 G   0.99693 0.00302 0.00005 ( 1)  0.153 +-  0.048
 257 G   0.99976 0.00024 0.00000 ( 1)  0.150 +-  0.013
 258 G   0.99990 0.00010 0.00000 ( 1)  0.150 +-  0.009
 259 I   0.99991 0.00009 0.00000 ( 1)  0.150 +-  0.008
 260 H   0.99981 0.00019 0.00000 ( 1)  0.150 +-  0.012
 261 L   0.99727 0.00269 0.00004 ( 1)  0.152 +-  0.045
 262 M   0.98153 0.01752 0.00095 ( 1)  0.166 +-  0.119
 263 T   0.99691 0.00304 0.00005 ( 1)  0.153 +-  0.048
 264 R   0.99775 0.00220 0.00005 ( 1)  0.152 +-  0.041
 265 Y   0.99917 0.00082 0.00001 ( 1)  0.151 +-  0.025
 266 V   0.99979 0.00021 0.00000 ( 1)  0.150 +-  0.012
 267 M   0.99999 0.00001 0.00000 ( 1)  0.150 +-  0.002
 268 N   0.99992 0.00008 0.00000 ( 1)  0.150 +-  0.007
 269 Y   0.97438 0.02452 0.00109 ( 1)  0.172 +-  0.139
 270 V   0.99872 0.00126 0.00002 ( 1)  0.151 +-  0.031
 271 V   0.03960 0.67436 0.28604 ( 2)  1.111 +-  0.305
 272 E   0.34296 0.60803 0.04902 ( 2)  0.733 +-  0.434
 273 A   0.73356 0.24291 0.02353 ( 1)  0.388 +-  0.402
 274 A   0.78755 0.19556 0.01689 ( 1)  0.339 +-  0.369
 275 N   0.98517 0.01457 0.00026 ( 1)  0.163 +-  0.104
 276 Y   0.99939 0.00060 0.00001 ( 1)  0.151 +-  0.021
 277 S   0.99832 0.00167 0.00002 ( 1)  0.151 +-  0.035
 278 W   0.67398 0.30738 0.01864 ( 1)  0.436 +-  0.417
 279 L   0.99386 0.00600 0.00014 ( 1)  0.155 +-  0.068
 280 N   0.99958 0.00042 0.00000 ( 1)  0.150 +-  0.018
 281 H   0.00845 0.83996 0.15159 ( 2)  1.069 +-  0.199
 282 L   0.99691 0.00300 0.00008 ( 1)  0.153 +-  0.048
 283 L   0.99262 0.00705 0.00033 ( 1)  0.156 +-  0.075
 284 A   0.20061 0.75027 0.04912 ( 2)  0.854 +-  0.369
 285 G   0.94148 0.05714 0.00138 ( 1)  0.200 +-  0.203
 286 C   0.92631 0.07065 0.00304 ( 1)  0.214 +-  0.229
 287 E   0.90352 0.09438 0.00211 ( 1)  0.233 +-  0.255
 288 T   0.87906 0.11429 0.00665 ( 1)  0.256 +-  0.289
 289 Q   0.95944 0.04007 0.00050 ( 1)  0.185 +-  0.169
 290 V   0.86423 0.12841 0.00736 ( 1)  0.269 +-  0.303
 291 N   0.99959 0.00041 0.00000 ( 1)  0.150 +-  0.017
 292 Q   0.00022 0.82106 0.17872 ( 2)  1.089 +-  0.192
 293 D   0.93476 0.06367 0.00158 ( 1)  0.206 +-  0.214
 294 T   0.87391 0.12468 0.00141 ( 1)  0.258 +-  0.285
 295 T   0.99692 0.00300 0.00008 ( 1)  0.153 +-  0.048
 296 P   0.99152 0.00811 0.00038 ( 1)  0.157 +-  0.081
 297 F   0.66509 0.31222 0.02269 ( 1)  0.446 +-  0.423
 298 G   0.60014 0.37071 0.02915 ( 1)  0.504 +-  0.442
 299 Y   0.65659 0.33113 0.01228 ( 1)  0.448 +-  0.416
 300 C   0.99643 0.00347 0.00010 ( 1)  0.153 +-  0.052
 301 V   0.01912 0.83155 0.14933 ( 2)  1.059 +-  0.219
 302 L   0.95985 0.03888 0.00127 ( 1)  0.185 +-  0.171
 303 I   0.80686 0.18536 0.00777 ( 1)  0.318 +-  0.346
 304 L   0.99900 0.00098 0.00002 ( 1)  0.151 +-  0.027
 305 I   0.99992 0.00008 0.00000 ( 1)  0.150 +-  0.008
 306 T   0.98968 0.00982 0.00050 ( 1)  0.159 +-  0.089
 307 R   0.95356 0.04492 0.00152 ( 1)  0.190 +-  0.183
 308 L   0.98280 0.01607 0.00112 ( 1)  0.165 +-  0.116
 309 V   0.95499 0.04338 0.00162 ( 1)  0.189 +-  0.181
 310 D   0.16562 0.79833 0.03605 ( 2)  0.877 +-  0.337
 311 K   0.99981 0.00019 0.00000 ( 1)  0.150 +-  0.012
 312 I   0.99936 0.00063 0.00001 ( 1)  0.151 +-  0.022
 313 E   0.99981 0.00018 0.00000 ( 1)  0.150 +-  0.012
 314 D   0.95215 0.04679 0.00106 ( 1)  0.191 +-  0.185
 315 T   0.98124 0.01808 0.00068 ( 1)  0.166 +-  0.118
 316 S   0.70359 0.27998 0.01644 ( 1)  0.410 +-  0.406
 317 K   0.99982 0.00018 0.00000 ( 1)  0.150 +-  0.012
 318 L   0.99435 0.00553 0.00012 ( 1)  0.155 +-  0.065
 319 Y   0.99635 0.00355 0.00010 ( 1)  0.153 +-  0.052
 320 A   0.95281 0.04621 0.00098 ( 1)  0.191 +-  0.183
 321 D   0.99979 0.00021 0.00000 ( 1)  0.150 +-  0.012
 322 E   0.99998 0.00002 0.00000 ( 1)  0.150 +-  0.003
 323 A   0.99652 0.00337 0.00011 ( 1)  0.153 +-  0.051
 324 L   0.99908 0.00091 0.00001 ( 1)  0.151 +-  0.026
 325 Q   0.99978 0.00022 0.00000 ( 1)  0.150 +-  0.013
 326 N   0.99957 0.00042 0.00000 ( 1)  0.150 +-  0.018
 327 I   0.99945 0.00054 0.00001 ( 1)  0.150 +-  0.020
 328 F   0.99868 0.00130 0.00002 ( 1)  0.151 +-  0.031
 329 L   0.99889 0.00109 0.00002 ( 1)  0.151 +-  0.029
 330 M   0.99996 0.00004 0.00000 ( 1)  0.150 +-  0.006
 331 D   0.99964 0.00036 0.00000 ( 1)  0.150 +-  0.016
 332 N   0.99959 0.00041 0.00000 ( 1)  0.150 +-  0.017
 333 L   0.99904 0.00095 0.00001 ( 1)  0.151 +-  0.027
 334 L   0.89677 0.09757 0.00566 ( 1)  0.241 +-  0.269
 335 Y   0.99925 0.00074 0.00001 ( 1)  0.151 +-  0.023
 336 I   0.35444 0.60184 0.04372 ( 2)  0.721 +-  0.435
 337 V   0.99952 0.00048 0.00000 ( 1)  0.150 +-  0.019
 338 Q   0.99854 0.00145 0.00001 ( 1)  0.151 +-  0.033
 339 K   0.99997 0.00003 0.00000 ( 1)  0.150 +-  0.004
 340 V   0.93359 0.06322 0.00319 ( 1)  0.208 +-  0.219
 341 K   0.99764 0.00234 0.00002 ( 1)  0.152 +-  0.042
 342 S   0.98427 0.01542 0.00031 ( 1)  0.164 +-  0.107
 343 S   0.97694 0.02134 0.00172 ( 1)  0.170 +-  0.135
 344 E   0.99996 0.00004 0.00000 ( 1)  0.150 +-  0.005
 345 L   0.99486 0.00493 0.00021 ( 1)  0.154 +-  0.063
 346 R   0.99981 0.00019 0.00000 ( 1)  0.150 +-  0.012
 347 T   0.00052 0.71340 0.28608 ( 2)  1.143 +-  0.230
 348 W   0.74892 0.23842 0.01267 ( 1)  0.370 +-  0.383
 349 L   0.99651 0.00339 0.00010 ( 1)  0.153 +-  0.051
 350 G   0.99993 0.00007 0.00000 ( 1)  0.150 +-  0.007
 351 D   0.99849 0.00150 0.00002 ( 1)  0.151 +-  0.033
 352 N   0.99993 0.00007 0.00000 ( 1)  0.150 +-  0.007
 353 W   0.99856 0.00141 0.00002 ( 1)  0.151 +-  0.033
 354 I   0.99939 0.00060 0.00000 ( 1)  0.151 +-  0.021
 355 H   0.97724 0.02185 0.00091 ( 1)  0.170 +-  0.131
 356 A   0.97614 0.02353 0.00033 ( 1)  0.170 +-  0.131
 357 R   0.45670 0.50410 0.03919 ( 2)  0.631 +-  0.452
 358 Y   0.36313 0.56619 0.07069 ( 2)  0.727 +-  0.453
 359 G   0.99836 0.00161 0.00003 ( 1)  0.151 +-  0.035
 360 L   0.99805 0.00193 0.00002 ( 1)  0.152 +-  0.038
 361 I   0.99932 0.00067 0.00001 ( 1)  0.151 +-  0.022
 362 R   0.99920 0.00080 0.00001 ( 1)  0.151 +-  0.024
 363 A   0.12313 0.80322 0.07365 ( 2)  0.932 +-  0.321
 364 Y   0.99945 0.00055 0.00001 ( 1)  0.150 +-  0.020
 365 S   0.99796 0.00200 0.00004 ( 1)  0.152 +-  0.039
 366 K   0.93540 0.06007 0.00453 ( 1)  0.207 +-  0.220
 367 R   0.99971 0.00029 0.00000 ( 1)  0.150 +-  0.014
 368 Y   0.99941 0.00058 0.00001 ( 1)  0.151 +-  0.021
 369 L   0.99609 0.00385 0.00006 ( 1)  0.153 +-  0.054
 370 Q   0.88554 0.10268 0.01178 ( 1)  0.253 +-  0.292
 371 S   0.99850 0.00147 0.00003 ( 1)  0.151 +-  0.033
 372 S   0.98019 0.01844 0.00137 ( 1)  0.168 +-  0.125
 373 W   0.99856 0.00141 0.00002 ( 1)  0.151 +-  0.033
 374 T   0.02732 0.82476 0.14791 ( 2)  1.051 +-  0.233
 375 R   0.82043 0.17566 0.00390 ( 1)  0.305 +-  0.332
 376 V   0.99509 0.00473 0.00018 ( 1)  0.154 +-  0.061
 377 I   0.62274 0.33310 0.04416 ( 1)  0.493 +-  0.451
 378 A   0.63687 0.33941 0.02373 ( 1)  0.471 +-  0.431
 379 C   0.97654 0.02251 0.00095 ( 1)  0.170 +-  0.133
 380 L   0.99924 0.00075 0.00001 ( 1)  0.151 +-  0.024
 381 R   0.99828 0.00170 0.00002 ( 1)  0.151 +-  0.036
 382 D   0.99980 0.00020 0.00000 ( 1)  0.150 +-  0.012
 383 D   0.99978 0.00022 0.00000 ( 1)  0.150 +-  0.013
 384 G   0.99994 0.00006 0.00000 ( 1)  0.150 +-  0.006
 385 L   0.99204 0.00777 0.00020 ( 1)  0.157 +-  0.077
 386 L   0.58549 0.36331 0.05120 ( 1)  0.528 +-  0.462
 387 L   0.01808 0.87757 0.10435 ( 2)  1.037 +-  0.195
 388 T   0.00649 0.72777 0.26574 ( 2)  1.128 +-  0.237
 389 T   0.52026 0.43975 0.03998 ( 1)  0.578 +-  0.456
 390 G   0.91731 0.07897 0.00373 ( 1)  0.222 +-  0.242
 391 S   0.97870 0.01977 0.00153 ( 1)  0.169 +-  0.129
 392 S   0.99829 0.00168 0.00003 ( 1)  0.151 +-  0.036
 393 S   0.99863 0.00134 0.00002 ( 1)  0.151 +-  0.032
 394 T   0.95175 0.04533 0.00292 ( 1)  0.192 +-  0.190
 395 L   0.99945 0.00055 0.00001 ( 1)  0.150 +-  0.020
 396 K   0.99863 0.00136 0.00001 ( 1)  0.151 +-  0.032
 397 G   0.03555 0.83065 0.13380 ( 2)  1.037 +-  0.241
 398 A   0.97461 0.02425 0.00114 ( 1)  0.172 +-  0.138
 399 L   0.99923 0.00076 0.00001 ( 1)  0.151 +-  0.024
 400 K   0.99997 0.00003 0.00000 ( 1)  0.150 +-  0.004
 401 E   0.99257 0.00726 0.00017 ( 1)  0.156 +-  0.074
 402 R   0.99990 0.00010 0.00000 ( 1)  0.150 +-  0.009
 403 F   0.99979 0.00021 0.00000 ( 1)  0.150 +-  0.012
 404 K   0.99951 0.00049 0.00000 ( 1)  0.150 +-  0.019
 405 S   0.93596 0.06263 0.00141 ( 1)  0.205 +-  0.212
 406 F   0.99978 0.00022 0.00000 ( 1)  0.150 +-  0.013
 407 N   0.99995 0.00005 0.00000 ( 1)  0.150 +-  0.006
 408 L   0.99814 0.00182 0.00004 ( 1)  0.152 +-  0.037
 409 A   0.01003 0.84045 0.14952 ( 2)  1.066 +-  0.201
 410 Y   0.97391 0.02545 0.00064 ( 1)  0.173 +-  0.138
 411 E   0.99997 0.00003 0.00000 ( 1)  0.150 +-  0.005
 412 E   0.99987 0.00013 0.00000 ( 1)  0.150 +-  0.010
 413 L   0.98560 0.01354 0.00085 ( 1)  0.163 +-  0.106
 414 Y   0.99939 0.00061 0.00001 ( 1)  0.151 +-  0.021
 415 R   0.99934 0.00066 0.00000 ( 1)  0.151 +-  0.022
 416 T   0.98901 0.01044 0.00055 ( 1)  0.160 +-  0.092
 417 Q   0.99973 0.00027 0.00000 ( 1)  0.150 +-  0.014
 418 T   0.98981 0.00970 0.00049 ( 1)  0.159 +-  0.088
 419 T   0.31391 0.60228 0.08382 ( 2)  0.775 +-  0.444
 420 W   0.99856 0.00141 0.00002 ( 1)  0.151 +-  0.033
 421 M   0.07087 0.86809 0.06103 ( 2)  0.970 +-  0.256
 422 V   0.99851 0.00146 0.00003 ( 1)  0.151 +-  0.033
 423 A   0.99959 0.00040 0.00000 ( 1)  0.150 +-  0.017
 424 D   0.99979 0.00021 0.00000 ( 1)  0.150 +-  0.012
 425 P   0.99624 0.00365 0.00011 ( 1)  0.153 +-  0.053
 426 Q   0.99975 0.00024 0.00000 ( 1)  0.150 +-  0.013
 427 L   0.98059 0.01788 0.00154 ( 1)  0.167 +-  0.124
 428 R   0.99375 0.00601 0.00023 ( 1)  0.155 +-  0.069
 429 E   0.99982 0.00018 0.00000 ( 1)  0.150 +-  0.011
 430 E   0.99988 0.00012 0.00000 ( 1)  0.150 +-  0.009
 431 L   0.99310 0.00674 0.00016 ( 1)  0.156 +-  0.072
 432 K   0.99451 0.00542 0.00007 ( 1)  0.155 +-  0.063
 433 I   0.99932 0.00067 0.00001 ( 1)  0.151 +-  0.022
 434 S   0.04227 0.83790 0.11983 ( 2)  1.024 +-  0.245
 435 I   0.99991 0.00009 0.00000 ( 1)  0.150 +-  0.008
 436 S   0.46977 0.44899 0.08124 ( 1)  0.641 +-  0.481
 437 E   0.99988 0.00012 0.00000 ( 1)  0.150 +-  0.009
 438 Q   0.98471 0.01513 0.00017 ( 1)  0.163 +-  0.105
 439 L   0.99808 0.00190 0.00003 ( 1)  0.152 +-  0.038
 440 I   0.97847 0.02061 0.00092 ( 1)  0.169 +-  0.127
 441 P   0.91050 0.08198 0.00753 ( 1)  0.230 +-  0.258
 442 T   0.95175 0.04533 0.00292 ( 1)  0.192 +-  0.190
 443 Y   0.99940 0.00059 0.00001 ( 1)  0.151 +-  0.021
 444 R   0.99624 0.00366 0.00011 ( 1)  0.153 +-  0.053
 445 S   0.99886 0.00112 0.00002 ( 1)  0.151 +-  0.029
 446 F   0.99875 0.00123 0.00002 ( 1)  0.151 +-  0.030
 447 V   0.98995 0.00976 0.00029 ( 1)  0.159 +-  0.087
 448 E   0.77817 0.20384 0.01798 ( 1)  0.348 +-  0.376
 449 R   0.99986 0.00014 0.00000 ( 1)  0.150 +-  0.010
 450 Y   0.98030 0.01929 0.00041 ( 1)  0.167 +-  0.120
 451 R   0.10840 0.69600 0.19560 ( 2)  1.006 +-  0.359
 452 G   0.99114 0.00874 0.00013 ( 1)  0.158 +-  0.081
 453 Q   0.98668 0.01309 0.00023 ( 1)  0.161 +-  0.099
 454 L   0.98437 0.01467 0.00096 ( 1)  0.164 +-  0.110
 455 Q   0.96028 0.03923 0.00049 ( 1)  0.184 +-  0.168
 456 L   0.01179 0.76306 0.22515 ( 2)  1.103 +-  0.235
 457 R   0.99925 0.00074 0.00001 ( 1)  0.151 +-  0.023
 458 G   0.00004 0.69709 0.30286 ( 2)  1.152 +-  0.232
 459 L   0.02128 0.81984 0.15888 ( 2)  1.061 +-  0.227
 460 A   0.99484 0.00498 0.00018 ( 1)  0.154 +-  0.062
 461 K   0.91980 0.07899 0.00122 ( 1)  0.219 +-  0.234
 462 Y   0.99651 0.00339 0.00010 ( 1)  0.153 +-  0.051
 463 V   0.93399 0.06390 0.00211 ( 1)  0.207 +-  0.216
 464 K   0.99995 0.00005 0.00000 ( 1)  0.150 +-  0.006
 465 Y   0.99939 0.00060 0.00001 ( 1)  0.151 +-  0.021
 466 S   0.73683 0.25586 0.00731 ( 1)  0.377 +-  0.383
 467 P   0.79778 0.18709 0.01513 ( 1)  0.329 +-  0.361
 468 E   0.99988 0.00012 0.00000 ( 1)  0.150 +-  0.009
 469 D   0.99978 0.00022 0.00000 ( 1)  0.150 +-  0.013
 470 L   0.93066 0.06769 0.00165 ( 1)  0.210 +-  0.220
 471 E   0.99998 0.00002 0.00000 ( 1)  0.150 +-  0.004
 472 N   0.99994 0.00006 0.00000 ( 1)  0.150 +-  0.007
 473 Q   0.99978 0.00022 0.00000 ( 1)  0.150 +-  0.013
 474 I   0.98207 0.01758 0.00036 ( 1)  0.165 +-  0.115
 475 V   0.36066 0.52329 0.11606 ( 2)  0.752 +-  0.478
 476 D   0.99978 0.00022 0.00000 ( 1)  0.150 +-  0.013
 477 I   0.98657 0.01321 0.00022 ( 1)  0.162 +-  0.099
 478 F   0.99867 0.00131 0.00002 ( 1)  0.151 +-  0.031
 479 A   0.99003 0.00971 0.00026 ( 1)  0.159 +-  0.086
 480 G   0.06746 0.81535 0.11719 ( 2)  1.001 +-  0.280

Positively selected sites

	Prob(w>1)  mean w


