position	coverage
1	0.153846153846
2	0.205128205128
3	0.307692307692
4	0.333333333333
5	0.794871794872
6	0.820512820513
7	0.820512820513
8	0.820512820513
9	0.794871794872
10	0.794871794872
11	0.794871794872
12	0.666666666667
13	0.538461538462
14	0.512820512821
15	0.0512820512821
16	0.0512820512821
17	0.0512820512821
18	0.0512820512821
19	0.0512820512821
20	0.0769230769231
21	0.0769230769231
22	0.102564102564
23	0.128205128205
24	0.128205128205
25	0.153846153846
26	0.179487179487
27	0.205128205128
28	0.307692307692
29	0.333333333333
30	0.384615384615
31	0.384615384615
32	0.384615384615
33	0.384615384615
34	0.384615384615
35	0.461538461538
36	0.769230769231
37	0.769230769231
38	0.769230769231
39	0.769230769231
40	0.769230769231
41	0.769230769231
42	0.769230769231
43	0.769230769231
44	0.794871794872
45	0.794871794872
46	0.794871794872
47	0.794871794872
48	0.794871794872
49	0.820512820513
50	0.820512820513
51	0.846153846154
52	0.846153846154
53	0.846153846154
54	0.846153846154
55	0.871794871795
56	0.846153846154
57	0.846153846154
58	0.846153846154
59	0.846153846154
60	0.820512820513
61	0.794871794872
62	0.794871794872
63	0.794871794872
64	0.769230769231
65	0.769230769231
66	0.74358974359
67	0.74358974359
68	0.74358974359
69	0.74358974359
70	0.74358974359
71	0.74358974359
72	0.717948717949
73	0.692307692308
74	0.666666666667
75	0.666666666667
76	0.666666666667
77	0.666666666667
78	0.358974358974
79	0.102564102564
80	0.666666666667
81	0.666666666667
82	0.666666666667
83	0.666666666667
84	0.769230769231
85	0.769230769231
86	0.769230769231
87	0.74358974359
88	0.025641025641
89	0.025641025641
90	0.025641025641
91	0.025641025641
92	0.025641025641
93	0.025641025641
94	0.0512820512821
95	0.0512820512821
96	0.0512820512821
97	0.0769230769231
98	0.0769230769231
99	0.0769230769231
100	0.128205128205
101	0.128205128205
102	0.128205128205
103	0.179487179487
104	0.179487179487
105	0.205128205128
106	0.205128205128
107	0.25641025641
108	0.25641025641
109	0.25641025641
110	0.25641025641
111	0.307692307692
112	0.307692307692
113	0.333333333333
114	0.384615384615
115	0.410256410256
116	0.461538461538
117	0.487179487179
118	0.512820512821
119	0.589743589744
120	0.615384615385
121	0.0512820512821
122	0.0512820512821
123	0.0512820512821
124	0.666666666667
125	0.717948717949
126	0.717948717949
127	0.74358974359
128	0.794871794872
129	0.794871794872
130	0.820512820513
131	0.820512820513
132	0.820512820513
133	0.820512820513
134	0.820512820513
135	0.846153846154
136	0.871794871795
137	0.871794871795
138	0.871794871795
139	0.0512820512821
140	0.871794871795
141	0.871794871795
142	0.871794871795
143	0.025641025641
144	0.025641025641
145	0.025641025641
146	0.025641025641
147	0.025641025641
148	0.025641025641
149	0.025641025641
150	0.025641025641
151	0.025641025641
152	0.025641025641
153	0.025641025641
154	0.025641025641
155	0.025641025641
156	0.897435897436
157	0.897435897436
158	0.897435897436
159	0.897435897436
160	0.897435897436
161	0.871794871795
162	0.846153846154
163	0.820512820513
164	0.820512820513
165	0.794871794872
166	0.410256410256
167	0.384615384615
168	0.794871794872
169	0.794871794872
170	0.025641025641
171	0.025641025641
172	0.025641025641
173	0.025641025641
174	0.025641025641
175	0.025641025641
176	0.025641025641
177	0.025641025641
178	0.025641025641
179	0.025641025641
180	0.025641025641
181	0.025641025641
182	0.0512820512821
183	0.0512820512821
184	0.0512820512821
185	0.717948717949
186	0.74358974359
187	0.717948717949
188	0.692307692308
189	0.717948717949
190	0.717948717949
191	0.0769230769231
192	0.461538461538
193	0.717948717949
194	0.820512820513
195	0.846153846154
196	0.871794871795
197	0.871794871795
198	0.871794871795
199	0.871794871795
200	0.846153846154
201	0.846153846154
202	0.846153846154
203	0.846153846154
204	0.846153846154
205	0.846153846154
206	0.487179487179
207	0.461538461538
208	0.461538461538
209	0.461538461538
210	0.461538461538
211	0.153846153846
212	0.0512820512821
213	0.0512820512821
214	0.0512820512821
215	0.0512820512821
216	0.0512820512821
217	0.846153846154
218	0.846153846154
219	0.846153846154
220	0.846153846154
221	0.846153846154
222	0.0512820512821
223	0.0512820512821
224	0.0512820512821
225	0.0512820512821
226	0.0769230769231
227	0.179487179487
228	0.410256410256
229	0.846153846154
230	0.871794871795
231	0.871794871795
232	0.871794871795
233	0.871794871795
234	0.871794871795
235	0.871794871795
236	0.871794871795
237	0.871794871795
238	0.871794871795
239	0.871794871795
240	0.871794871795
241	0.846153846154
242	0.846153846154
243	0.846153846154
244	0.846153846154
245	0.846153846154
246	0.846153846154
247	0.846153846154
248	0.846153846154
249	0.846153846154
250	0.846153846154
251	0.769230769231
252	0.769230769231
253	0.769230769231
254	0.74358974359
255	0.692307692308
256	0.666666666667
257	0.615384615385
258	0.641025641026
259	0.641025641026
260	0.641025641026
261	0.641025641026
262	0.641025641026
263	0.641025641026
264	0.666666666667
265	0.666666666667
266	0.333333333333
267	0.794871794872
268	0.794871794872
269	0.794871794872
270	0.794871794872
271	0.794871794872
272	0.794871794872
273	0.794871794872
274	0.769230769231
275	0.794871794872
276	0.794871794872
277	0.794871794872
278	0.769230769231
279	0.74358974359
280	0.74358974359
281	0.74358974359
282	0.666666666667
283	0.102564102564
284	0.615384615385
285	0.615384615385
286	0.615384615385
287	0.435897435897
288	0.435897435897
289	0.615384615385
290	0.615384615385
291	0.615384615385
292	0.615384615385
293	0.025641025641
294	0.0512820512821
295	0.153846153846
296	0.230769230769
297	0.25641025641
298	0.717948717949
299	0.717948717949
300	0.794871794872
301	0.846153846154
302	0.846153846154
303	0.846153846154
304	0.846153846154
305	0.846153846154
306	0.820512820513
307	0.794871794872
308	0.794871794872
309	0.794871794872
310	0.769230769231
311	0.74358974359
312	0.589743589744
313	0.435897435897
314	0.74358974359
315	0.74358974359
316	0.74358974359
317	0.384615384615
318	0.717948717949
319	0.717948717949
320	0.717948717949
321	0.717948717949
322	0.692307692308
323	0.666666666667
324	0.25641025641
325	0.025641025641
326	0.025641025641
327	0.025641025641
328	0.025641025641
329	0.025641025641
330	0.025641025641
331	0.025641025641
332	0.025641025641
333	0.025641025641
334	0.025641025641
335	0.025641025641
336	0.025641025641
337	0.025641025641
338	0.025641025641
339	0.025641025641
340	0.025641025641
341	0.025641025641
342	0.025641025641
343	0.025641025641
344	0.025641025641
345	0.025641025641
346	0.025641025641
347	0.897435897436
348	0.897435897436
349	0.897435897436
350	0.897435897436
351	0.897435897436
352	0.025641025641
353	0.871794871795
354	0.871794871795
355	0.871794871795
356	0.871794871795
357	0.871794871795
358	0.871794871795
359	0.871794871795
360	0.871794871795
361	0.871794871795
362	0.871794871795
363	0.871794871795
364	0.897435897436
365	0.897435897436
366	0.923076923077
367	0.923076923077
368	0.923076923077
369	0.923076923077
370	0.923076923077
371	0.923076923077
372	0.948717948718
373	0.948717948718
374	0.948717948718
375	0.948717948718
376	0.948717948718
377	0.948717948718
378	0.948717948718
379	0.948717948718
380	0.948717948718
381	0.948717948718
382	0.948717948718
383	0.923076923077
384	0.923076923077
385	0.923076923077
386	0.923076923077
387	0.923076923077
388	0.897435897436
389	0.897435897436
390	0.897435897436
391	0.897435897436
392	0.0512820512821
393	0.897435897436
394	0.897435897436
395	0.0512820512821
396	0.897435897436
397	0.128205128205
398	0.128205128205
399	0.923076923077
400	0.923076923077
401	0.0512820512821
402	0.0512820512821
403	0.0512820512821
404	0.0512820512821
405	0.0512820512821
406	0.0512820512821
407	0.897435897436
408	0.923076923077
409	0.923076923077
410	0.923076923077
411	0.923076923077
412	0.923076923077
413	0.923076923077
414	0.923076923077
415	0.923076923077
416	0.923076923077
417	0.923076923077
418	0.923076923077
419	0.923076923077
420	0.923076923077
421	0.923076923077
422	0.923076923077
423	0.0512820512821
424	0.897435897436
425	0.897435897436
426	0.897435897436
427	0.897435897436
428	0.897435897436
429	0.923076923077
430	0.923076923077
431	0.923076923077
432	0.948717948718
433	0.948717948718
434	0.948717948718
435	0.948717948718
436	0.948717948718
437	0.948717948718
438	0.948717948718
439	0.948717948718
440	0.948717948718
441	0.948717948718
442	0.948717948718
443	0.948717948718
444	0.948717948718
445	0.948717948718
446	0.948717948718
447	0.948717948718
448	0.948717948718
449	0.948717948718
450	0.948717948718
451	0.948717948718
452	0.948717948718
453	0.948717948718
454	0.948717948718
455	0.948717948718
456	0.948717948718
457	0.0769230769231
458	0.0769230769231
459	0.0769230769231
460	0.948717948718
461	0.948717948718
462	0.025641025641
463	0.025641025641
464	0.948717948718
465	0.948717948718
466	0.948717948718
467	0.948717948718
468	0.948717948718
469	0.948717948718
470	0.948717948718
471	0.948717948718
472	0.948717948718
473	0.948717948718
474	0.948717948718
475	0.948717948718
476	0.948717948718
477	0.948717948718
478	0.948717948718
479	0.948717948718
480	0.948717948718
481	0.948717948718
482	0.948717948718
483	0.948717948718
484	0.948717948718
485	0.948717948718
486	0.948717948718
487	0.025641025641
488	0.025641025641
489	0.025641025641
490	0.948717948718
491	0.948717948718
492	0.948717948718
493	0.0769230769231
494	0.948717948718
495	0.948717948718
496	0.948717948718
497	0.948717948718
498	0.948717948718
499	0.948717948718
500	0.948717948718
501	0.974358974359
502	0.974358974359
503	0.974358974359
504	0.974358974359
505	0.974358974359
506	0.974358974359
507	0.974358974359
508	0.974358974359
509	0.974358974359
510	0.974358974359
511	0.974358974359
512	0.974358974359
513	0.974358974359
514	0.974358974359
515	0.974358974359
516	1.0
517	1.0
518	1.0
519	1.0
520	1.0
521	1.0
522	0.0769230769231
523	0.0512820512821
524	0.025641025641
525	0.025641025641
526	0.025641025641
527	0.025641025641
528	0.025641025641
529	0.025641025641
530	0.025641025641
531	0.025641025641
532	0.974358974359
533	1.0
534	0.0769230769231
535	0.102564102564
536	0.974358974359
537	0.974358974359
538	0.974358974359
539	1.0
540	1.0
541	1.0
542	1.0
543	1.0
544	1.0
545	1.0
546	1.0
547	1.0
548	1.0
549	1.0
550	1.0
551	1.0
552	1.0
553	0.974358974359
554	0.974358974359
555	0.974358974359
556	0.974358974359
557	0.974358974359
558	0.025641025641
559	0.025641025641
560	0.974358974359
561	0.974358974359
562	0.974358974359
563	0.974358974359
564	0.974358974359
565	0.974358974359
566	0.974358974359
567	0.974358974359
568	0.0769230769231
569	0.948717948718
570	0.948717948718
571	0.948717948718
572	0.948717948718
573	0.948717948718
574	0.0512820512821
575	0.0512820512821
576	0.948717948718
577	0.948717948718
578	0.948717948718
579	0.948717948718
580	0.923076923077
581	0.923076923077
582	0.923076923077
583	0.923076923077
584	0.897435897436
585	0.897435897436
586	0.897435897436
587	0.897435897436
588	0.897435897436
589	0.897435897436
590	0.948717948718
591	0.948717948718
592	0.948717948718
593	0.948717948718
594	0.948717948718
595	0.948717948718
596	0.923076923077
597	0.923076923077
598	0.923076923077
599	0.923076923077
600	0.923076923077
601	0.923076923077
602	0.923076923077
603	0.923076923077
604	0.923076923077
605	0.897435897436
606	0.897435897436
607	0.897435897436
608	0.897435897436
609	0.897435897436
610	0.897435897436
611	0.871794871795
612	0.820512820513
613	0.769230769231
614	0.435897435897
615	0.410256410256
616	0.25641025641
617	0.230769230769
618	0.205128205128
619	0.897435897436
620	0.897435897436
621	0.897435897436
622	0.897435897436
623	0.74358974359
624	0.871794871795
625	0.871794871795
626	0.871794871795
627	0.897435897436
628	0.102564102564
629	0.102564102564
630	0.74358974359
631	0.769230769231
632	0.769230769231
633	0.487179487179
634	0.461538461538
635	0.461538461538
636	0.461538461538
637	0.487179487179
638	0.487179487179
639	0.897435897436
640	0.897435897436
641	0.897435897436
642	0.897435897436
643	0.897435897436
644	0.897435897436
645	0.897435897436
646	0.897435897436
647	0.897435897436
648	0.897435897436
649	0.897435897436
650	0.897435897436
651	0.871794871795
652	0.871794871795
653	0.871794871795
654	0.871794871795
655	0.871794871795
656	0.871794871795
657	0.897435897436
658	0.897435897436
659	0.897435897436
660	0.897435897436
661	0.897435897436
662	0.897435897436
663	0.923076923077
664	0.923076923077
665	0.923076923077
666	0.923076923077
667	0.923076923077
668	0.923076923077
669	0.923076923077
670	0.923076923077
671	0.923076923077
672	0.923076923077
673	0.923076923077
674	0.923076923077
675	0.923076923077
676	0.923076923077
677	0.923076923077
678	0.923076923077
679	0.923076923077
680	0.923076923077
681	0.923076923077
682	0.923076923077
683	0.923076923077
684	0.897435897436
685	0.897435897436
686	0.897435897436
687	0.025641025641
688	0.871794871795
689	0.871794871795
690	0.153846153846
691	0.871794871795
692	0.871794871795
693	0.871794871795
694	0.897435897436
695	0.897435897436
696	0.897435897436
697	0.897435897436
698	0.897435897436
699	0.923076923077
700	0.923076923077
701	0.871794871795
702	0.871794871795
703	0.897435897436
704	0.897435897436
705	0.897435897436
706	0.897435897436
707	0.0512820512821
708	0.846153846154
709	0.846153846154
710	0.846153846154
711	0.846153846154
712	0.846153846154
713	0.846153846154
714	0.846153846154
715	0.846153846154
716	0.846153846154
717	0.846153846154
718	0.846153846154
719	0.846153846154
720	0.871794871795
721	0.871794871795
722	0.871794871795
723	0.871794871795
724	0.871794871795
725	0.871794871795
726	0.871794871795
727	0.025641025641
728	0.871794871795
729	0.871794871795
730	0.0769230769231
731	0.948717948718
732	0.948717948718
733	0.897435897436
734	0.871794871795
735	0.820512820513
736	0.0512820512821
737	0.0512820512821
738	0.153846153846
739	0.153846153846
740	0.282051282051
741	0.282051282051
742	0.384615384615
743	0.384615384615
744	0.692307692308
745	0.692307692308
746	0.794871794872
747	0.794871794872
748	0.820512820513
749	0.846153846154
750	0.846153846154
751	0.820512820513
752	0.820512820513
753	0.794871794872
754	0.179487179487
755	0.179487179487
756	0.179487179487
757	0.871794871795
758	0.871794871795
759	0.897435897436
760	0.897435897436
761	0.897435897436
762	0.897435897436
763	0.897435897436
764	0.897435897436
765	0.897435897436
766	0.871794871795
767	0.871794871795
768	0.871794871795
769	0.871794871795
770	0.871794871795
771	0.897435897436
772	0.897435897436
773	0.897435897436
774	0.897435897436
775	0.923076923077
776	0.923076923077
777	0.923076923077
778	0.923076923077
779	0.923076923077
780	0.923076923077
781	0.923076923077
782	0.897435897436
783	0.897435897436
784	0.897435897436
785	0.897435897436
786	0.897435897436
787	0.897435897436
788	0.897435897436
789	0.897435897436
790	0.897435897436
791	0.871794871795
792	0.871794871795
793	0.871794871795
794	0.871794871795
795	0.897435897436
796	0.897435897436
797	0.897435897436
798	0.897435897436
799	0.897435897436
800	0.897435897436
801	0.897435897436
802	0.871794871795
803	0.871794871795
804	0.871794871795
805	0.871794871795
806	0.871794871795
807	0.871794871795
808	0.871794871795
809	0.871794871795
810	0.871794871795
811	0.794871794872
812	0.794871794872
813	0.794871794872
814	0.769230769231
815	0.717948717949
816	0.692307692308
817	0.769230769231
818	0.794871794872
819	0.769230769231
820	0.794871794872
821	0.820512820513
822	0.846153846154
823	0.846153846154
824	0.0512820512821
825	0.025641025641
826	0.025641025641
827	0.0512820512821
828	0.0512820512821
829	0.0512820512821
830	0.0512820512821
831	0.897435897436
832	0.897435897436
833	0.897435897436
834	0.897435897436
835	0.846153846154
836	0.820512820513
837	0.820512820513
838	0.820512820513
839	0.820512820513
840	0.820512820513
841	0.820512820513
842	0.820512820513
843	0.820512820513
844	0.820512820513
845	0.820512820513
846	0.820512820513
847	0.820512820513
848	0.820512820513
849	0.820512820513
850	0.74358974359
851	0.74358974359
852	0.74358974359
853	0.74358974359
854	0.74358974359
855	0.538461538462
856	0.461538461538
857	0.358974358974
858	0.358974358974
859	0.358974358974
860	0.358974358974
861	0.25641025641
862	0.0512820512821
863	0.0512820512821
864	0.0512820512821
865	0.0512820512821
866	0.0512820512821
867	0.0512820512821
868	0.0512820512821
869	0.0512820512821
870	0.025641025641
