Exo70G2	-7755.105604	1.84753	0.15824	8
Exo70G1	-524.387803	3.69030	0.09586	10
Exo70I1	-6572.432844	2.80585	0.09145	7
Exo70A1	-5146.378968	1.88532	0.06519	9
Exo70A3	-2413.226838	3.44273	0.09215	8
Exo70A2	-3144.801486	2.41051	0.44355	5
Exo70A4	-5539.221277	2.14824	0.55103	5
Exo70C2	-4920.639401	2.56157	0.07699	9
Exo70C1	-6262.596504	1.91508	0.08799	9
Exo70E1	-6626.416597	2.67040	0.24234	9
Exo70E2	1
Exo70F2	-3038.231212	2.01234	0.10145	12
Exo70F1	-4808.466877	2.16363	0.17426	10
Exo70H8	1
Exo70F3	-4627.772221	1.84717	0.09241	7
Exo70F4	-838.294190	2.11639	0.17028	10
Exo70F5	-1921.284475	2.49896	0.43142	4
Exo70H2	4
Exo70H3	1
Exo70H1	-2494.687116	2.45846	0.12688	12
Exo70H6	1
Exo70H7	1
Exo70H4	1
Exo70H5	1
Exo70B1	-2062.285877	3.21387	0.13202	8
Exo70B2	-4406.964521	4.01388	0.30003	5
Exo70B3	-5990.696972	1.86957	0.09812	8
Exo70D2	-4275.208909	2.77859	0.07072	10
Exo70D3	3
Exo70D1	-6028.791293	2.07189	0.12385	9
