Supplemental results for CODEML (seqf: Exo70F1_nr_Poaceae_c_Os_FL_PRANK.phy  treef: RAxML_bestTree.Exo70F1_nr_Poaceae_c_Os_FL_PRANK)


dN/dS (w) for site classes (K=2)

p:   0.82131  0.17869
w:   0.13904  1.00000

Naive Empirical Bayes (NEB) probabilities for 2 classes & postmean_w
(amino acids refer to 1st sequence: HlaRGH2)

   1 M   1.00000 0.00000 ( 1)  0.139
   2 A   0.69373 0.30627 ( 1)  0.403
   3 R   0.99079 0.00921 ( 1)  0.147
   4 L   0.99911 0.00089 ( 1)  0.140
   5 E   0.99344 0.00656 ( 1)  0.145
   6 D   0.99925 0.00075 ( 1)  0.140
   7 E   0.99999 0.00001 ( 1)  0.139
   8 F   0.99977 0.00023 ( 1)  0.139
   9 S   0.95325 0.04675 ( 1)  0.179
  10 K   0.98839 0.01161 ( 1)  0.149
  11 L   0.99892 0.00108 ( 1)  0.140
  12 L   0.99923 0.00077 ( 1)  0.140
  13 I   0.78667 0.21333 ( 1)  0.323
  14 R   0.76816 0.23184 ( 1)  0.339
  15 G   0.99996 0.00004 ( 1)  0.139
  16 T   0.92321 0.07679 ( 1)  0.205
  17 V   0.43271 0.56729 ( 2)  0.627
  18 S   0.70346 0.29654 ( 1)  0.394
  19 L   0.99938 0.00062 ( 1)  0.140
  20 T   0.33733 0.66267 ( 2)  0.710
  21 P   0.01211 0.98789 ( 2)  0.990
  22 E   0.99991 0.00009 ( 1)  0.139
  23 D   0.99997 0.00003 ( 1)  0.139
  24 L   0.99393 0.00607 ( 1)  0.144
  25 H   0.99855 0.00145 ( 1)  0.140
  26 A   0.99840 0.00160 ( 1)  0.140
  27 L   0.96743 0.03257 ( 1)  0.167
  28 L   0.82290 0.17710 ( 1)  0.292
  29 P   0.66799 0.33201 ( 1)  0.425
  30 Q   0.80852 0.19148 ( 1)  0.304
  31 L   0.99940 0.00060 ( 1)  0.140
  32 S   0.93204 0.06796 ( 1)  0.198
  33 P   0.98509 0.01491 ( 1)  0.152
  34 T   0.99981 0.00019 ( 1)  0.139
  35 V   0.99774 0.00226 ( 1)  0.141
  36 S   0.98975 0.01025 ( 1)  0.148
  37 T   0.00392 0.99608 ( 2)  0.997
  38 F   0.97803 0.02197 ( 1)  0.158
  39 S   0.00128 0.99872 ( 2)  0.999
  40 S   0.51404 0.48596 ( 1)  0.557
  41 S   0.99872 0.00128 ( 1)  0.140
  42 V   0.56761 0.43239 ( 1)  0.511
  43 F   0.98377 0.01623 ( 1)  0.153
  44 D   0.99793 0.00207 ( 1)  0.141
  45 S   0.01821 0.98179 ( 2)  0.984
  46 E   0.99991 0.00009 ( 1)  0.139
  47 I   0.99938 0.00062 ( 1)  0.140
  48 L   0.58807 0.41193 ( 1)  0.494
  49 L   0.96612 0.03388 ( 1)  0.168
  50 I   0.97780 0.02220 ( 1)  0.158
  51 F   0.00065 0.99935 ( 2)  0.999
  52 P   0.99924 0.00076 ( 1)  0.140
  53 Y   0.29180 0.70820 ( 2)  0.749
  54 N   0.99400 0.00600 ( 1)  0.144
  55 I   0.99803 0.00197 ( 1)  0.141
  56 S   0.21694 0.78306 ( 2)  0.813
  57 I   0.00016 0.99984 ( 2)  1.000
  58 L   0.99937 0.00063 ( 1)  0.140
  59 K   0.98577 0.01423 ( 1)  0.151
  60 D   0.99978 0.00022 ( 1)  0.139
  61 I   0.99987 0.00013 ( 1)  0.139
  62 A   0.99736 0.00264 ( 1)  0.141
  63 D   0.99804 0.00196 ( 1)  0.141
  64 V   0.99843 0.00157 ( 1)  0.140
  65 L   0.99922 0.00078 ( 1)  0.140
  66 L   0.99918 0.00082 ( 1)  0.140
  67 H   0.00148 0.99852 ( 2)  0.999
  68 A   0.98518 0.01482 ( 1)  0.152
  69 C   0.99830 0.00170 ( 1)  0.141
  70 H   0.82887 0.17113 ( 1)  0.286
  71 V   0.00724 0.99276 ( 2)  0.994
  72 P   0.10263 0.89737 ( 2)  0.912
  73 K   0.99984 0.00016 ( 1)  0.139
  74 L   0.98378 0.01622 ( 1)  0.153
  75 C   0.02725 0.97275 ( 2)  0.977
  76 Q   0.99979 0.00021 ( 1)  0.139
  77 V   0.98777 0.01223 ( 1)  0.150
  78 Y   0.99934 0.00066 ( 1)  0.140
  79 V   0.00752 0.99248 ( 2)  0.994
  80 K   0.39302 0.60698 ( 2)  0.662
  81 A   0.99606 0.00394 ( 1)  0.142
  82 R   0.99297 0.00703 ( 1)  0.145
  83 R   0.99623 0.00377 ( 1)  0.142
  84 D   0.98695 0.01305 ( 1)  0.150
  85 T   0.96089 0.03911 ( 1)  0.173
  86 F   0.98391 0.01609 ( 1)  0.153
  87 M   0.99382 0.00618 ( 1)  0.144
  88 E   0.99990 0.00010 ( 1)  0.139
  89 C   0.99881 0.00119 ( 1)  0.140
  90 L   0.99933 0.00067 ( 1)  0.140
  91 S   0.09175 0.90825 ( 2)  0.921
  92 V   0.88230 0.11770 ( 1)  0.240
  93 L   0.99637 0.00363 ( 1)  0.142
  94 G   0.99968 0.00032 ( 1)  0.139
  95 V   0.99973 0.00027 ( 1)  0.139
  96 D   0.99997 0.00003 ( 1)  0.139
  97 K   0.99998 0.00002 ( 1)  0.139
  98 M   0.99996 0.00004 ( 1)  0.139
  99 S   0.99845 0.00155 ( 1)  0.140
 100 L   0.99904 0.00096 ( 1)  0.140
 101 E   0.99999 0.00001 ( 1)  0.139
 102 E   0.99999 0.00001 ( 1)  0.139
 103 V   0.99995 0.00005 ( 1)  0.139
 104 Q   0.99979 0.00021 ( 1)  0.139
 105 R   0.73760 0.26240 ( 1)  0.365
 106 V   0.96158 0.03842 ( 1)  0.172
 107 E   0.99525 0.00475 ( 1)  0.143
 108 W   0.99831 0.00169 ( 1)  0.140
 109 G   0.96936 0.03064 ( 1)  0.165
 110 V   0.17732 0.82268 ( 2)  0.847
 111 L   0.99938 0.00062 ( 1)  0.140
 112 D   0.87657 0.12343 ( 1)  0.245
 113 G   0.54746 0.45254 ( 1)  0.529
 114 K   0.99998 0.00002 ( 1)  0.139
 115 M   1.00000 0.00000 ( 1)  0.139
 116 K   0.99859 0.00141 ( 1)  0.140
 117 K   0.99871 0.00129 ( 1)  0.140
 118 W   0.99831 0.00169 ( 1)  0.140
 119 I   0.99899 0.00101 ( 1)  0.140
 120 Q   0.99842 0.00158 ( 1)  0.140
 121 A   0.99989 0.00011 ( 1)  0.139
 122 L   0.99561 0.00439 ( 1)  0.143
 123 K   0.98721 0.01279 ( 1)  0.150
 124 V   0.99988 0.00012 ( 1)  0.139
 125 V   0.99977 0.00023 ( 1)  0.139
 126 V   0.99981 0.00019 ( 1)  0.139
 127 Q   0.98453 0.01547 ( 1)  0.152
 128 G   0.99979 0.00021 ( 1)  0.139
 129 L   0.99653 0.00347 ( 1)  0.142
 130 L   0.97782 0.02218 ( 1)  0.158
 131 A   0.99935 0.00065 ( 1)  0.140
 132 E   0.99999 0.00001 ( 1)  0.139
 133 E   0.99999 0.00001 ( 1)  0.139
 134 R   0.99899 0.00101 ( 1)  0.140
 135 R   0.99298 0.00702 ( 1)  0.145
 136 I   0.99983 0.00017 ( 1)  0.139
 137 C   0.97271 0.02729 ( 1)  0.163
 138 S   0.21630 0.78370 ( 2)  0.814
 139 Q   0.99979 0.00021 ( 1)  0.139
 140 I   0.99941 0.00059 ( 1)  0.140
 141 L   0.47699 0.52301 ( 2)  0.589
 142 A   0.94892 0.05108 ( 1)  0.183
 143 G   0.15383 0.84617 ( 2)  0.868
 144 D   0.99935 0.00065 ( 1)  0.140
 145 A   0.99687 0.00313 ( 1)  0.142
 146 D   0.13566 0.86434 ( 2)  0.883
 147 A   0.74921 0.25079 ( 1)  0.355
 148 E   0.99987 0.00013 ( 1)  0.139
 149 E   0.99951 0.00049 ( 1)  0.139
 150 E   0.99987 0.00013 ( 1)  0.139
 151 C   0.99891 0.00109 ( 1)  0.140
 152 F   0.99905 0.00095 ( 1)  0.140
 153 T   0.97627 0.02373 ( 1)  0.159
 154 E   0.99904 0.00096 ( 1)  0.140
 155 A   0.94744 0.05256 ( 1)  0.184
 156 A   0.99976 0.00024 ( 1)  0.139
 157 K   0.99993 0.00007 ( 1)  0.139
 158 G   0.99990 0.00010 ( 1)  0.139
 159 C   0.97236 0.02764 ( 1)  0.163
 160 V   0.99850 0.00150 ( 1)  0.140
 161 L   0.99886 0.00114 ( 1)  0.140
 162 Q   0.99959 0.00041 ( 1)  0.139
 163 L   0.99919 0.00081 ( 1)  0.140
 164 L   0.99936 0.00064 ( 1)  0.140
 165 N   0.55875 0.44125 ( 1)  0.519
 166 F   0.99875 0.00125 ( 1)  0.140
 167 G   0.56165 0.43835 ( 1)  0.516
 168 D   0.99979 0.00021 ( 1)  0.139
 169 A   0.97641 0.02359 ( 1)  0.159
 170 I   0.99932 0.00068 ( 1)  0.140
 171 A   0.99719 0.00281 ( 1)  0.141
 172 I   0.96091 0.03909 ( 1)  0.173
 173 G   0.97717 0.02283 ( 1)  0.159
 174 K   0.99997 0.00003 ( 1)  0.139
 175 R   0.86348 0.13652 ( 1)  0.257
 176 S   0.99878 0.00122 ( 1)  0.140
 177 S   0.98750 0.01250 ( 1)  0.150
 178 E   0.99999 0.00001 ( 1)  0.139
 179 K   0.99998 0.00002 ( 1)  0.139
 180 L   0.99894 0.00106 ( 1)  0.140
 181 F   0.99977 0.00023 ( 1)  0.139
 182 R   0.98351 0.01649 ( 1)  0.153
 183 I   0.99941 0.00059 ( 1)  0.140
 184 L   0.99691 0.00309 ( 1)  0.142
 185 G   0.00253 0.99747 ( 2)  0.998
 186 M   1.00000 0.00000 ( 1)  0.139
 187 Y   0.99677 0.00323 ( 1)  0.142
 188 E   0.99998 0.00002 ( 1)  0.139
 189 A   0.99964 0.00036 ( 1)  0.139
 190 L   0.97931 0.02069 ( 1)  0.157
 191 A   0.98721 0.01279 ( 1)  0.150
 192 E   0.99998 0.00002 ( 1)  0.139
 193 L   0.74483 0.25517 ( 1)  0.359
 194 L   0.99412 0.00588 ( 1)  0.144
 195 P   0.53599 0.46401 ( 1)  0.539
 196 E   0.99877 0.00123 ( 1)  0.140
 197 L   0.99882 0.00118 ( 1)  0.140
 198 E   0.99903 0.00097 ( 1)  0.140
 199 A   0.38747 0.61253 ( 2)  0.666
 200 L   0.98970 0.01030 ( 1)  0.148
 201 F   0.99977 0.00023 ( 1)  0.139
 202 S   0.97168 0.02832 ( 1)  0.163
 203 G   0.99177 0.00823 ( 1)  0.146
 204 E   0.27181 0.72819 ( 2)  0.766
 205 A   0.97409 0.02591 ( 1)  0.161
 206 R   0.99981 0.00019 ( 1)  0.139
 207 D   0.99817 0.00183 ( 1)  0.141
 208 F   0.79573 0.20427 ( 1)  0.315
 209 I   0.99941 0.00059 ( 1)  0.140
 210 K   0.99995 0.00005 ( 1)  0.139
 211 E   0.92218 0.07782 ( 1)  0.206
 212 E   0.99999 0.00001 ( 1)  0.139
 213 A   0.95468 0.04532 ( 1)  0.178
 214 Q   0.94179 0.05821 ( 1)  0.189
 215 G   0.62311 0.37689 ( 1)  0.464
 216 I   0.96134 0.03866 ( 1)  0.172
 217 L   0.99866 0.00134 ( 1)  0.140
 218 S   0.00005 0.99995 ( 2)  1.000
 219 R   0.00269 0.99731 ( 2)  0.998
 220 L   0.87120 0.12880 ( 1)  0.250
 221 G   0.99993 0.00007 ( 1)  0.139
 222 D   0.99979 0.00021 ( 1)  0.139
 223 A   0.99641 0.00359 ( 1)  0.142
 224 V   0.99995 0.00005 ( 1)  0.139
 225 R   0.99445 0.00555 ( 1)  0.144
 226 G   0.98985 0.01015 ( 1)  0.148
 227 T   0.97750 0.02250 ( 1)  0.158
 228 V   0.59548 0.40452 ( 1)  0.487
 229 A   0.90306 0.09694 ( 1)  0.223
 230 E   0.99922 0.00078 ( 1)  0.140
 231 L   0.98905 0.01095 ( 1)  0.148
 232 I   0.98692 0.01308 ( 1)  0.150
 233 K   0.97991 0.02009 ( 1)  0.156
 234 A   0.83733 0.16267 ( 1)  0.279
 235 I   0.99496 0.00504 ( 1)  0.143
 236 R   0.15691 0.84309 ( 2)  0.865
 237 G   0.99718 0.00282 ( 1)  0.141
 238 D   0.99984 0.00016 ( 1)  0.139
 239 P   0.94953 0.05047 ( 1)  0.182
 240 C   0.99130 0.00870 ( 1)  0.147
 241 K   0.29180 0.70820 ( 2)  0.749
 242 S   0.00005 0.99995 ( 2)  1.000
 243 L   0.88618 0.11382 ( 1)  0.237
 244 P   0.66048 0.33952 ( 1)  0.431
 245 D   0.97661 0.02339 ( 1)  0.159
 246 D   0.99778 0.00222 ( 1)  0.141
 247 G   0.99983 0.00017 ( 1)  0.139
 248 I   0.99991 0.00009 ( 1)  0.139
 249 H   0.99981 0.00019 ( 1)  0.139
 250 P   0.99677 0.00323 ( 1)  0.142
 251 L   0.55000 0.45000 ( 1)  0.526
 252 T   0.99575 0.00425 ( 1)  0.143
 253 R   0.99732 0.00268 ( 1)  0.141
 254 Y   0.99887 0.00113 ( 1)  0.140
 255 V   0.99979 0.00021 ( 1)  0.139
 256 M   1.00000 0.00000 ( 1)  0.139
 257 N   0.99990 0.00010 ( 1)  0.139
 258 Y   0.97139 0.02861 ( 1)  0.164
 259 V   0.99893 0.00107 ( 1)  0.140
 260 V   0.01025 0.98975 ( 2)  0.991
 261 R   0.01033 0.98967 ( 2)  0.991
 262 L   0.06945 0.93055 ( 2)  0.940
 263 T   0.05652 0.94348 ( 2)  0.951
 264 D   0.63102 0.36898 ( 1)  0.457
 265 H   0.99487 0.00513 ( 1)  0.143
 266 S   0.99974 0.00026 ( 1)  0.139
 267 C   0.94676 0.05324 ( 1)  0.185
 268 L   0.96206 0.03794 ( 1)  0.172
 269 N   0.99959 0.00041 ( 1)  0.139
 270 H   0.00794 0.99206 ( 2)  0.993
 271 L   0.99661 0.00339 ( 1)  0.142
 272 L   0.99255 0.00745 ( 1)  0.145
 273 D   0.17424 0.82576 ( 2)  0.850
 274 R   0.52375 0.47625 ( 1)  0.549
 275 C   0.90027 0.09973 ( 1)  0.225
 276 E   0.90755 0.09245 ( 1)  0.219
 277 T   0.84746 0.15254 ( 1)  0.270
 278 Q   0.63220 0.36780 ( 1)  0.456
 279 L   0.56356 0.43644 ( 1)  0.515
 280 E   0.99268 0.00732 ( 1)  0.145
 281 N   0.99957 0.00043 ( 1)  0.139
 282 L   0.00001 0.99999 ( 2)  1.000
 283 D   0.92191 0.07809 ( 1)  0.206
 284 M   0.09198 0.90802 ( 2)  0.921
 285 T   0.99686 0.00314 ( 1)  0.142
 286 P   0.99008 0.00992 ( 1)  0.148
 287 L   0.11623 0.88377 ( 2)  0.900
 288 G   0.09775 0.90225 ( 2)  0.916
 289 H   0.64841 0.35159 ( 1)  0.442
 290 S   0.35914 0.64086 ( 2)  0.691
 291 V   0.00020 0.99980 ( 2)  1.000
 292 M   0.30136 0.69864 ( 2)  0.741
 293 I   0.74018 0.25982 ( 1)  0.363
 294 L   0.99898 0.00102 ( 1)  0.140
 295 I   0.99992 0.00008 ( 1)  0.139
 296 T   0.98869 0.01131 ( 1)  0.149
 297 H   0.94643 0.05357 ( 1)  0.185
 298 L   0.98499 0.01501 ( 1)  0.152
 299 L   0.89360 0.10640 ( 1)  0.231
 300 E   0.49417 0.50583 ( 2)  0.575
 301 N   0.99848 0.00152 ( 1)  0.140
 302 I   0.99935 0.00065 ( 1)  0.140
 303 E   0.99983 0.00017 ( 1)  0.139
 304 D   0.90721 0.09279 ( 1)  0.219
 305 K   0.97999 0.02001 ( 1)  0.156
 306 S   0.05176 0.94824 ( 2)  0.955
 307 K   0.99998 0.00002 ( 1)  0.139
 308 L   0.99326 0.00674 ( 1)  0.145
 309 Y   0.99595 0.00405 ( 1)  0.143
 310 A   0.54459 0.45541 ( 1)  0.531
 311 D   0.99980 0.00020 ( 1)  0.139
 312 E   0.99990 0.00010 ( 1)  0.139
 313 A   0.99545 0.00455 ( 1)  0.143
 314 R   0.99182 0.00818 ( 1)  0.146
 315 Q   0.99979 0.00021 ( 1)  0.139
 316 N   0.99652 0.00348 ( 1)  0.142
 317 I   0.99960 0.00040 ( 1)  0.139
 318 L   0.98906 0.01094 ( 1)  0.148
 319 L   0.99864 0.00136 ( 1)  0.140
 320 M   0.99996 0.00004 ( 1)  0.139
 321 N   0.99958 0.00042 ( 1)  0.139
 322 N   0.99959 0.00041 ( 1)  0.139
 323 L   0.99901 0.00099 ( 1)  0.140
 324 W   0.45507 0.54493 ( 2)  0.608
 325 Y   0.99149 0.00851 ( 1)  0.146
 326 I   0.00719 0.99281 ( 2)  0.994
 327 V   0.99951 0.00049 ( 1)  0.139
 328 Q   0.99841 0.00159 ( 1)  0.140
 329 K   0.99998 0.00002 ( 1)  0.139
 330 V   0.08574 0.91426 ( 2)  0.926
 331 K   0.96397 0.03603 ( 1)  0.170
 332 D   0.86775 0.13225 ( 1)  0.253
 333 S   0.97064 0.02936 ( 1)  0.164
 334 G   0.99958 0.00042 ( 1)  0.139
 335 L   0.99302 0.00698 ( 1)  0.145
 336 K   0.99980 0.00020 ( 1)  0.139
 337 T   0.00036 0.99964 ( 2)  1.000
 338 L   0.22126 0.77874 ( 2)  0.810
 339 L   0.99628 0.00372 ( 1)  0.142
 340 G   0.99995 0.00005 ( 1)  0.139
 341 D   0.99816 0.00184 ( 1)  0.141
 342 K   0.99538 0.00462 ( 1)  0.143
 343 W   0.99831 0.00169 ( 1)  0.140
 344 I   0.99938 0.00062 ( 1)  0.140
 345 R   0.96857 0.03143 ( 1)  0.166
 346 I   0.58772 0.41228 ( 1)  0.494
 347 H   0.01267 0.98733 ( 2)  0.989
 348 R   0.10370 0.89630 ( 2)  0.911
 349 R   0.98551 0.01449 ( 1)  0.152
 350 Q   0.99807 0.00193 ( 1)  0.141
 351 V   0.99495 0.00505 ( 1)  0.143
 352 R   0.99909 0.00091 ( 1)  0.140
 353 T   0.01963 0.98037 ( 2)  0.983
 354 Y   0.99504 0.00496 ( 1)  0.143
 355 S   0.98093 0.01907 ( 1)  0.155
 356 K   0.64766 0.35234 ( 1)  0.442
 357 G   0.99962 0.00038 ( 1)  0.139
 358 Y   0.99936 0.00064 ( 1)  0.140
 359 L   0.99559 0.00441 ( 1)  0.143
 360 R   0.84931 0.15069 ( 1)  0.269
 361 S   0.99819 0.00181 ( 1)  0.141
 362 S   0.97985 0.02015 ( 1)  0.156
 363 W   0.99831 0.00169 ( 1)  0.140
 364 T   0.14872 0.85128 ( 2)  0.872
 365 R   0.95768 0.04232 ( 1)  0.175
 366 V   0.99406 0.00594 ( 1)  0.144
 367 I   0.64539 0.35461 ( 1)  0.444
 368 A   0.59153 0.40847 ( 1)  0.491
 369 C   0.97545 0.02455 ( 1)  0.160
 370 L   0.99374 0.00626 ( 1)  0.144
 371 T   0.98816 0.01184 ( 1)  0.149
 372 D   0.99981 0.00019 ( 1)  0.139
 373 D   0.99978 0.00022 ( 1)  0.139
 374 G   0.99994 0.00006 ( 1)  0.139
 375 L   0.98985 0.01015 ( 1)  0.148
 376 P   0.14389 0.85611 ( 2)  0.876
 377 E   0.00018 0.99982 ( 2)  1.000
 378 T   0.00064 0.99936 ( 2)  0.999
 379 T   0.06849 0.93151 ( 2)  0.941
 380 G   0.90142 0.09858 ( 1)  0.224
 381 L   0.86241 0.13759 ( 1)  0.258
 382 S   0.99796 0.00204 ( 1)  0.141
 383 S   0.99854 0.00146 ( 1)  0.140
 384 S   0.68596 0.31404 ( 1)  0.409
 385 L   0.99940 0.00060 ( 1)  0.140
 386 K   0.99854 0.00146 ( 1)  0.140
 387 A   0.00304 0.99696 ( 2)  0.997
 388 A   0.96747 0.03253 ( 1)  0.167
 389 M   0.75635 0.24365 ( 1)  0.349
 390 K   0.99997 0.00003 ( 1)  0.139
 391 E   0.99875 0.00125 ( 1)  0.140
 392 R   0.99989 0.00011 ( 1)  0.139
 393 F   0.99977 0.00023 ( 1)  0.139
 394 N   0.96681 0.03319 ( 1)  0.168
 395 S   0.54109 0.45891 ( 1)  0.534
 396 F   0.99976 0.00024 ( 1)  0.139
 397 N   0.99994 0.00006 ( 1)  0.139
 398 L   0.84493 0.15507 ( 1)  0.273
 399 A   0.00652 0.99348 ( 2)  0.994
 400 Y   0.75297 0.24703 ( 1)  0.352
 401 E   0.99998 0.00002 ( 1)  0.139
 402 E   0.99998 0.00002 ( 1)  0.139
 403 L   0.98206 0.01794 ( 1)  0.154
 404 Y   0.99930 0.00070 ( 1)  0.140
 405 R   0.99926 0.00074 ( 1)  0.140
 406 T   0.98810 0.01190 ( 1)  0.149
 407 Q   0.99975 0.00025 ( 1)  0.139
 408 T   0.98883 0.01117 ( 1)  0.149
 409 A   0.74103 0.25897 ( 1)  0.362
 410 W   0.99831 0.00169 ( 1)  0.140
 411 K   0.00059 0.99941 ( 2)  0.999
 412 V   0.99824 0.00176 ( 1)  0.141
 413 V   0.99965 0.00035 ( 1)  0.139
 414 D   0.99979 0.00021 ( 1)  0.139
 415 P   0.99580 0.00420 ( 1)  0.143
 416 Q   0.99976 0.00024 ( 1)  0.139
 417 L   0.96878 0.03122 ( 1)  0.166
 418 R   0.99215 0.00785 ( 1)  0.146
 419 E   0.99988 0.00012 ( 1)  0.139
 420 E   0.99991 0.00009 ( 1)  0.139
 421 L   0.99139 0.00861 ( 1)  0.146
 422 K   0.99540 0.00460 ( 1)  0.143
 423 I   0.99497 0.00503 ( 1)  0.143
 424 S   0.02241 0.97759 ( 2)  0.981
 425 I   0.99991 0.00009 ( 1)  0.139
 426 L   0.00166 0.99834 ( 2)  0.999
 427 E   0.99989 0.00011 ( 1)  0.139
 428 N   0.84943 0.15057 ( 1)  0.269
 429 V   0.99804 0.00196 ( 1)  0.141
 430 L   0.82783 0.17217 ( 1)  0.287
 431 P   0.89541 0.10459 ( 1)  0.229
 432 A   0.94608 0.05392 ( 1)  0.185
 433 Y   0.99931 0.00069 ( 1)  0.140
 434 R   0.99573 0.00427 ( 1)  0.143
 435 S   0.98457 0.01543 ( 1)  0.152
 436 F   0.99886 0.00114 ( 1)  0.140
 437 V   0.99002 0.00998 ( 1)  0.148
 438 L   0.04087 0.95913 ( 2)  0.965
 439 K   0.99385 0.00615 ( 1)  0.144
 440 Y   0.86723 0.13277 ( 1)  0.253
 441 G   0.01314 0.98686 ( 2)  0.989
 442 Y   0.42159 0.57841 ( 2)  0.637
 443 Q   0.98852 0.01148 ( 1)  0.149
 444 L   0.98411 0.01589 ( 1)  0.153
 445 V   0.04104 0.95896 ( 2)  0.965
 446 T   0.99249 0.00751 ( 1)  0.146
 447 N   0.00171 0.99829 ( 2)  0.999
 448 F   0.00049 0.99951 ( 2)  1.000
 449 S   0.26075 0.73925 ( 2)  0.776
 450 N   0.60147 0.39853 ( 1)  0.482
 451 Y   0.99632 0.00368 ( 1)  0.142
 452 V   0.33507 0.66493 ( 2)  0.712
 453 K   0.99991 0.00009 ( 1)  0.139
 454 Y   0.99929 0.00071 ( 1)  0.140
 455 S   0.04084 0.95916 ( 2)  0.965
 456 P   0.76496 0.23504 ( 1)  0.341
 457 E   0.99830 0.00170 ( 1)  0.141
 458 D   0.99978 0.00022 ( 1)  0.139
 459 L   0.64877 0.35123 ( 1)  0.441
 460 E   0.99998 0.00002 ( 1)  0.139
 461 N   0.99994 0.00006 ( 1)  0.139
 462 Q   0.99812 0.00188 ( 1)  0.141
 463 I   0.91574 0.08426 ( 1)  0.212
 464 L   0.37411 0.62589 ( 2)  0.678
 465 D   0.99978 0.00022 ( 1)  0.139
 466 F   0.98417 0.01583 ( 1)  0.153
 467 F   0.99859 0.00141 ( 1)  0.140
 468 E   0.98938 0.01062 ( 1)  0.148
 469 G   0.99995 0.00005 ( 1)  0.139


lnL = -11484.190084

